   0.0000000e+00
   1.8738131e-03
   3.6812455e-03
   5.3582679e-03
   6.8454711e-03
   8.0901699e-03
   9.0482705e-03
   9.6858316e-03
   9.9802673e-03
   9.9211470e-03
   9.5105652e-03
   8.7630668e-03
   7.7051324e-03
   6.3742399e-03
   4.8175367e-03
   3.0901699e-03
   1.2533323e-03
  -6.2790520e-04
  -2.4868989e-03
  -4.2577929e-03
  -5.8778525e-03
  -7.2896863e-03
  -8.4432793e-03
  -9.2977649e-03
  -9.8228725e-03
  -1.0000000e-02
  -9.8228725e-03
  -9.2977649e-03
  -8.4432793e-03
  -7.2896863e-03
  -5.8778525e-03
  -4.2577929e-03
  -2.4868989e-03
  -6.2790520e-04
   1.2533323e-03
   3.0901699e-03
   4.8175367e-03
   6.3742399e-03
   7.7051324e-03
   8.7630668e-03
   9.5105652e-03
   9.9211470e-03
   9.9802673e-03
   9.6858316e-03
   9.0482705e-03
   8.0901699e-03
   6.8454711e-03
   5.3582679e-03
   3.6812455e-03
   1.8738131e-03
   3.6739404e-18
  -1.8738131e-03
  -3.6812455e-03
  -5.3582679e-03
  -6.8454711e-03
  -8.0901699e-03
  -9.0482705e-03
  -9.6858316e-03
  -9.9802673e-03
  -9.9211470e-03
  -9.5105652e-03
  -8.7630668e-03
  -7.7051324e-03
  -6.3742399e-03
  -4.8175367e-03
  -3.0901699e-03
  -1.2533323e-03
   6.2790520e-04
   2.4868989e-03
   4.2577929e-03
   5.8778525e-03
   7.2896863e-03
   8.4432793e-03
   9.2977649e-03
   9.8228725e-03
   1.0000000e-02
   9.8228725e-03
   9.2977649e-03
   8.4432793e-03
   7.2896863e-03
   5.8778525e-03
   4.2577929e-03
   2.4868989e-03
   6.2790520e-04
  -1.2533323e-03
  -3.0901699e-03
  -4.8175367e-03
  -6.3742399e-03
  -7.7051324e-03
  -8.7630668e-03
  -9.5105652e-03
  -9.9211470e-03
  -9.9802673e-03
  -9.6858316e-03
  -9.0482705e-03
  -8.0901699e-03
  -6.8454711e-03
  -5.3582679e-03
  -3.6812455e-03
  -1.8738131e-03
  -7.3478808e-18
   1.8738131e-03
   3.6812455e-03
   5.3582679e-03
   6.8454711e-03
   8.0901699e-03
   9.0482705e-03
   9.6858316e-03
   9.9802673e-03
   9.9211470e-03
   9.5105652e-03
   8.7630668e-03
   7.7051324e-03
   6.3742399e-03
   4.8175367e-03
   3.0901699e-03
   1.2533323e-03
  -6.2790520e-04
  -2.4868989e-03
  -4.2577929e-03
  -5.8778525e-03
  -7.2896863e-03
  -8.4432793e-03
  -9.2977649e-03
  -9.8228725e-03
  -1.0000000e-02
  -9.8228725e-03
  -9.2977649e-03
  -8.4432793e-03
  -7.2896863e-03
  -5.8778525e-03
  -4.2577929e-03
  -2.4868989e-03
  -6.2790520e-04
   1.2533323e-03
   3.0901699e-03
   4.8175367e-03
   6.3742399e-03
   7.7051324e-03
   8.7630668e-03
   9.5105652e-03
   9.9211470e-03
   9.9802673e-03
   9.6858316e-03
   9.0482705e-03
   8.0901699e-03
   6.8454711e-03
   5.3582679e-03
   3.6812455e-03
   1.8738131e-03
   1.1021821e-17
  -1.8738131e-03
  -3.6812455e-03
  -5.3582679e-03
  -6.8454711e-03
  -8.0901699e-03
  -9.0482705e-03
  -9.6858316e-03
  -9.9802673e-03
  -9.9211470e-03
  -9.5105652e-03
  -8.7630668e-03
  -7.7051324e-03
  -6.3742399e-03
  -4.8175367e-03
  -3.0901699e-03
  -1.2533323e-03
   6.2790520e-04
   2.4868989e-03
   4.2577929e-03
   5.8778525e-03
   7.2896863e-03
   8.4432793e-03
   9.2977649e-03
   9.8228725e-03
   1.0000000e-02
   9.8228725e-03
   9.2977649e-03
   8.4432793e-03
   7.2896863e-03
   5.8778525e-03
   4.2577929e-03
   2.4868989e-03
   6.2790520e-04
  -1.2533323e-03
  -3.0901699e-03
  -4.8175367e-03
  -6.3742399e-03
  -7.7051324e-03
  -8.7630668e-03
  -9.5105652e-03
  -9.9211470e-03
  -9.9802673e-03
  -9.6858316e-03
  -9.0482705e-03
  -8.0901699e-03
  -6.8454711e-03
  -5.3582679e-03
  -3.6812455e-03
  -1.8738131e-03
  -1.4695762e-17
   1.8738131e-03
   3.6812455e-03
   5.3582679e-03
   6.8454711e-03
   8.0901699e-03
   9.0482705e-03
   9.6858316e-03
   9.9802673e-03
   9.9211470e-03
   9.5105652e-03
   8.7630668e-03
   7.7051324e-03
   6.3742399e-03
   4.8175367e-03
   3.0901699e-03
   1.2533323e-03
  -6.2790520e-04
  -2.4868989e-03
  -4.2577929e-03
  -5.8778525e-03
  -7.2896863e-03
  -8.4432793e-03
  -9.2977649e-03
  -9.8228725e-03
  -1.0000000e-02
  -9.8228725e-03
  -9.2977649e-03
  -8.4432793e-03
  -7.2896863e-03
  -5.8778525e-03
  -4.2577929e-03
  -2.4868989e-03
  -6.2790520e-04
   1.2533323e-03
   3.0901699e-03
   4.8175367e-03
   6.3742399e-03
   7.7051324e-03
   8.7630668e-03
   9.5105652e-03
   9.9211470e-03
   9.9802673e-03
   9.6858316e-03
   9.0482705e-03
   8.0901699e-03
   6.8454711e-03
   5.3582679e-03
   3.6812455e-03
   1.8738131e-03
   5.3896839e-17
  -1.8738131e-03
  -3.6812455e-03
  -5.3582679e-03
  -6.8454711e-03
  -8.0901699e-03
  -9.0482705e-03
  -9.6858316e-03
  -9.9802673e-03
  -9.9211470e-03
  -9.5105652e-03
  -8.7630668e-03
  -7.7051324e-03
  -6.3742399e-03
  -4.8175367e-03
  -3.0901699e-03
  -1.2533323e-03
   6.2790520e-04
   2.4868989e-03
   4.2577929e-03
   5.8778525e-03
   7.2896863e-03
   8.4432793e-03
   9.2977649e-03
   9.8228725e-03
   1.0000000e-02
   9.8228725e-03
   9.2977649e-03
   8.4432793e-03
   7.2896863e-03
   5.8778525e-03
   4.2577929e-03
   2.4868989e-03
   6.2790520e-04
  -1.2533323e-03
  -3.0901699e-03
  -4.8175367e-03
  -6.3742399e-03
  -7.7051324e-03
  -8.7630668e-03
  -9.5105652e-03
  -9.9211470e-03
  -9.9802673e-03
  -9.6858316e-03
  -9.0482705e-03
  -8.0901699e-03
  -6.8454711e-03
  -5.3582679e-03
  -3.6812455e-03
  -1.8738131e-03
  -2.2043642e-17
   1.8738131e-03
   3.6812455e-03
   5.3582679e-03
   6.8454711e-03
   8.0901699e-03
   9.0482705e-03
   9.6858316e-03
   9.9802673e-03
   9.9211470e-03
   9.5105652e-03
   8.7630668e-03
   7.7051324e-03
   6.3742399e-03
   4.8175367e-03
   3.0901699e-03
   1.2533323e-03
  -6.2790520e-04
  -2.4868989e-03
  -4.2577929e-03
  -5.8778525e-03
  -7.2896863e-03
  -8.4432793e-03
  -9.2977649e-03
  -9.8228725e-03
  -1.0000000e-02
  -9.8228725e-03
  -9.2977649e-03
  -8.4432793e-03
  -7.2896863e-03
  -5.8778525e-03
  -4.2577929e-03
  -2.4868989e-03
  -6.2790520e-04
   1.2533323e-03
   3.0901699e-03
   4.8175367e-03
   6.3742399e-03
   7.7051324e-03
   8.7630668e-03
   9.5105652e-03
   9.9211470e-03
   9.9802673e-03
   9.6858316e-03
   9.0482705e-03
   8.0901699e-03
   6.8454711e-03
   5.3582679e-03
   3.6812455e-03
   1.8738131e-03
   1.3229899e-16
  -1.8738131e-03
  -3.6812455e-03
  -5.3582679e-03
  -6.8454711e-03
  -8.0901699e-03
  -9.0482705e-03
  -9.6858316e-03
  -9.9802673e-03
  -9.9211470e-03
  -9.5105652e-03
  -8.7630668e-03
  -7.7051324e-03
  -6.3742399e-03
  -4.8175367e-03
  -3.0901699e-03
  -1.2533323e-03
   6.2790520e-04
   2.4868989e-03
   4.2577929e-03
   5.8778525e-03
   7.2896863e-03
   8.4432793e-03
   9.2977649e-03
   9.8228725e-03
   1.0000000e-02
   9.8228725e-03
   9.2977649e-03
   8.4432793e-03
   7.2896863e-03
   5.8778525e-03
   4.2577929e-03
   2.4868989e-03
   6.2790520e-04
  -1.2533323e-03
  -3.0901699e-03
  -4.8175367e-03
  -6.3742399e-03
  -7.7051324e-03
  -8.7630668e-03
  -9.5105652e-03
  -9.9211470e-03
  -9.9802673e-03
  -9.6858316e-03
  -9.0482705e-03
  -8.0901699e-03
  -6.8454711e-03
  -5.3582679e-03
  -3.6812455e-03
  -1.8738131e-03
  -2.9391523e-17
   1.8738131e-03
   3.6812455e-03
   5.3582679e-03
   6.8454711e-03
   8.0901699e-03
   9.0482705e-03
   9.6858316e-03
   9.9802673e-03
   9.9211470e-03
   9.5105652e-03
   8.7630668e-03
   7.7051324e-03
   6.3742399e-03
   4.8175367e-03
   3.0901699e-03
   1.2533323e-03
  -6.2790520e-04
  -2.4868989e-03
  -4.2577929e-03
  -5.8778525e-03
  -7.2896863e-03
  -8.4432793e-03
  -9.2977649e-03
  -9.8228725e-03
  -1.0000000e-02
  -9.8228725e-03
  -9.2977649e-03
  -8.4432793e-03
  -7.2896863e-03
  -5.8778525e-03
  -4.2577929e-03
  -2.4868989e-03
  -6.2790520e-04
   1.2533323e-03
   3.0901699e-03
   4.8175367e-03
   6.3742399e-03
   7.7051324e-03
   8.7630668e-03
   9.5105652e-03
   9.9211470e-03
   9.9802673e-03
   9.6858316e-03
   9.0482705e-03
   8.0901699e-03
   6.8454711e-03
   5.3582679e-03
   3.6812455e-03
   1.8738131e-03
   6.8592600e-17
  -1.8738131e-03
  -3.6812455e-03
  -5.3582679e-03
  -6.8454711e-03
  -8.0901699e-03
  -9.0482705e-03
  -9.6858316e-03
  -9.9802673e-03
  -9.9211470e-03
  -9.5105652e-03
  -8.7630668e-03
  -7.7051324e-03
  -6.3742399e-03
  -4.8175367e-03
  -3.0901699e-03
  -1.2533323e-03
   6.2790520e-04
   2.4868989e-03
   4.2577929e-03
   5.8778525e-03
   7.2896863e-03
   8.4432793e-03
   9.2977649e-03
   9.8228725e-03
   1.0000000e-02
   9.8228725e-03
   9.2977649e-03
   8.4432793e-03
   7.2896863e-03
   5.8778525e-03
   4.2577929e-03
   2.4868989e-03
   6.2790520e-04
  -1.2533323e-03
  -3.0901699e-03
  -4.8175367e-03
  -6.3742399e-03
  -7.7051324e-03
  -8.7630668e-03
  -9.5105652e-03
  -9.9211470e-03
  -9.9802673e-03
  -9.6858316e-03
  -9.0482705e-03
  -8.0901699e-03
  -6.8454711e-03
  -5.3582679e-03
  -3.6812455e-03
  -1.8738131e-03
  -1.0779368e-16
   1.8738131e-03
   3.6812455e-03
   5.3582679e-03
   6.8454711e-03
   8.0901699e-03
   9.0482705e-03
   9.6858316e-03
   9.9802673e-03
   9.9211470e-03
   9.5105652e-03
   8.7630668e-03
   7.7051324e-03
   6.3742399e-03
   4.8175367e-03
   3.0901699e-03
   1.2533323e-03
  -6.2790520e-04
  -2.4868989e-03
  -4.2577929e-03
  -5.8778525e-03
  -7.2896863e-03
  -8.4432793e-03
  -9.2977649e-03
  -9.8228725e-03
  -1.0000000e-02
  -9.8228725e-03
  -9.2977649e-03
  -8.4432793e-03
  -7.2896863e-03
  -5.8778525e-03
  -4.2577929e-03
  -2.4868989e-03
  -6.2790520e-04
   1.2533323e-03
   3.0901699e-03
   4.8175367e-03
   6.3742399e-03
   7.7051324e-03
   8.7630668e-03
   9.5105652e-03
   9.9211470e-03
   9.9802673e-03
   9.6858316e-03
   9.0482705e-03
   8.0901699e-03
   6.8454711e-03
   5.3582679e-03
   3.6812455e-03
   1.8738131e-03
   4.8862076e-18
  -1.8738131e-03
  -3.6812455e-03
  -5.3582679e-03
  -6.8454711e-03
  -8.0901699e-03
  -9.0482705e-03
  -9.6858316e-03
  -9.9802673e-03
  -9.9211470e-03
  -9.5105652e-03
  -8.7630668e-03
  -7.7051324e-03
  -6.3742399e-03
  -4.8175367e-03
  -3.0901699e-03
  -1.2533323e-03
   6.2790520e-04
   2.4868989e-03
   4.2577929e-03
   5.8778525e-03
   7.2896863e-03
   8.4432793e-03
   9.2977649e-03
   9.8228725e-03
   1.0000000e-02
   9.8228725e-03
   9.2977649e-03
   8.4432793e-03
   7.2896863e-03
   5.8778525e-03
   4.2577929e-03
   2.4868989e-03
   6.2790520e-04
  -1.2533323e-03
  -3.0901699e-03
  -4.8175367e-03
  -6.3742399e-03
  -7.7051324e-03
  -8.7630668e-03
  -9.5105652e-03
  -9.9211470e-03
  -9.9802673e-03
  -9.6858316e-03
  -9.0482705e-03
  -8.0901699e-03
  -6.8454711e-03
  -5.3582679e-03
  -3.6812455e-03
  -1.8738131e-03
  -4.4087285e-17
   1.8738131e-03
   3.6812455e-03
   5.3582679e-03
   6.8454711e-03
   8.0901699e-03
   9.0482705e-03
   9.6858316e-03
   9.9802673e-03
   9.9211470e-03
   9.5105652e-03
   8.7630668e-03
   7.7051324e-03
   6.3742399e-03
   4.8175367e-03
   3.0901699e-03
   1.2533323e-03
  -6.2790520e-04
  -2.4868989e-03
  -4.2577929e-03
  -5.8778525e-03
  -7.2896863e-03
  -8.4432793e-03
  -9.2977649e-03
  -9.8228725e-03
  -1.0000000e-02
  -9.8228725e-03
  -9.2977649e-03
  -8.4432793e-03
  -7.2896863e-03
  -5.8778525e-03
  -4.2577929e-03
  -2.4868989e-03
  -6.2790520e-04
   1.2533323e-03
   3.0901699e-03
   4.8175367e-03
   6.3742399e-03
   7.7051324e-03
   8.7630668e-03
   9.5105652e-03
   9.9211470e-03
   9.9802673e-03
   9.6858316e-03
   9.0482705e-03
   8.0901699e-03
   6.8454711e-03
   5.3582679e-03
   3.6812455e-03
   1.8738131e-03
   2.2539691e-16
  -1.8738131e-03
  -3.6812455e-03
  -5.3582679e-03
  -6.8454711e-03
  -8.0901699e-03
  -9.0482705e-03
  -9.6858316e-03
  -9.9802673e-03
  -9.9211470e-03
  -9.5105652e-03
  -8.7630668e-03
  -7.7051324e-03
  -6.3742399e-03
  -4.8175367e-03
  -3.0901699e-03
  -1.2533323e-03
   6.2790520e-04
   2.4868989e-03
   4.2577929e-03
   5.8778525e-03
   7.2896863e-03
   8.4432793e-03
   9.2977649e-03
   9.8228725e-03
   1.0000000e-02
   9.8228725e-03
   9.2977649e-03
   8.4432793e-03
   7.2896863e-03
   5.8778525e-03
   4.2577929e-03
   2.4868989e-03
   6.2790520e-04
  -1.2533323e-03
  -3.0901699e-03
  -4.8175367e-03
  -6.3742399e-03
  -7.7051324e-03
  -8.7630668e-03
  -9.5105652e-03
  -9.9211470e-03
  -9.9802673e-03
  -9.6858316e-03
  -9.0482705e-03
  -8.0901699e-03
  -6.8454711e-03
  -5.3582679e-03
  -3.6812455e-03
  -1.8738131e-03
  -2.6459799e-16
   1.8738131e-03
   3.6812455e-03
   5.3582679e-03
   6.8454711e-03
   8.0901699e-03
   9.0482705e-03
   9.6858316e-03
   9.9802673e-03
   9.9211470e-03
   9.5105652e-03
   8.7630668e-03
   7.7051324e-03
   6.3742399e-03
   4.8175367e-03
   3.0901699e-03
   1.2533323e-03
  -6.2790520e-04
  -2.4868989e-03
  -4.2577929e-03
  -5.8778525e-03
  -7.2896863e-03
  -8.4432793e-03
  -9.2977649e-03
  -9.8228725e-03
  -1.0000000e-02
  -9.8228725e-03
  -9.2977649e-03
  -8.4432793e-03
  -7.2896863e-03
  -5.8778525e-03
  -4.2577929e-03
  -2.4868989e-03
  -6.2790520e-04
   1.2533323e-03
   3.0901699e-03
   4.8175367e-03
   6.3742399e-03
   7.7051324e-03
   8.7630668e-03
   9.5105652e-03
   9.9211470e-03
   9.9802673e-03
   9.6858316e-03
   9.0482705e-03
   8.0901699e-03
   6.8454711e-03
   5.3582679e-03
   3.6812455e-03
   1.8738131e-03
   1.9581969e-17
  -1.8738131e-03
  -3.6812455e-03
  -5.3582679e-03
  -6.8454711e-03
  -8.0901699e-03
  -9.0482705e-03
  -9.6858316e-03
  -9.9802673e-03
  -9.9211470e-03
  -9.5105652e-03
  -8.7630668e-03
  -7.7051324e-03
  -6.3742399e-03
  -4.8175367e-03
  -3.0901699e-03
  -1.2533323e-03
   6.2790520e-04
   2.4868989e-03
   4.2577929e-03
   5.8778525e-03
   7.2896863e-03
   8.4432793e-03
   9.2977649e-03
   9.8228725e-03
   1.0000000e-02
   9.8228725e-03
   9.2977649e-03
   8.4432793e-03
   7.2896863e-03
   5.8778525e-03
   4.2577929e-03
   2.4868989e-03
   6.2790520e-04
  -1.2533323e-03
  -3.0901699e-03
  -4.8175367e-03
  -6.3742399e-03
  -7.7051324e-03
  -8.7630668e-03
  -9.5105652e-03
  -9.9211470e-03
  -9.9802673e-03
  -9.6858316e-03
  -9.0482705e-03
  -8.0901699e-03
  -6.8454711e-03
  -5.3582679e-03
  -3.6812455e-03
  -1.8738131e-03
  -5.8783046e-17
   1.8738131e-03
   3.6812455e-03
   5.3582679e-03
   6.8454711e-03
   8.0901699e-03
   9.0482705e-03
   9.6858316e-03
   9.9802673e-03
   9.9211470e-03
   9.5105652e-03
   8.7630668e-03
   7.7051324e-03
   6.3742399e-03
   4.8175367e-03
   3.0901699e-03
   1.2533323e-03
  -6.2790520e-04
  -2.4868989e-03
  -4.2577929e-03
  -5.8778525e-03
  -7.2896863e-03
  -8.4432793e-03
  -9.2977649e-03
  -9.8228725e-03
  -1.0000000e-02
  -9.8228725e-03
  -9.2977649e-03
  -8.4432793e-03
  -7.2896863e-03
  -5.8778525e-03
  -4.2577929e-03
  -2.4868989e-03
  -6.2790520e-04
   1.2533323e-03
   3.0901699e-03
   4.8175367e-03
   6.3742399e-03
   7.7051324e-03
   8.7630668e-03
   9.5105652e-03
   9.9211470e-03
   9.9802673e-03
   9.6858316e-03
   9.0482705e-03
   8.0901699e-03
   6.8454711e-03
   5.3582679e-03
   3.6812455e-03
   1.8738131e-03
   9.7984124e-17
  -1.8738131e-03
  -3.6812455e-03
  -5.3582679e-03
  -6.8454711e-03
  -8.0901699e-03
  -9.0482705e-03
  -9.6858316e-03
  -9.9802673e-03
  -9.9211470e-03
  -9.5105652e-03
  -8.7630668e-03
  -7.7051324e-03
  -6.3742399e-03
  -4.8175367e-03
  -3.0901699e-03
  -1.2533323e-03
   6.2790520e-04
   2.4868989e-03
   4.2577929e-03
   5.8778525e-03
   7.2896863e-03
   8.4432793e-03
   9.2977649e-03
   9.8228725e-03
   1.0000000e-02
   9.8228725e-03
   9.2977649e-03
   8.4432793e-03
   7.2896863e-03
   5.8778525e-03
   4.2577929e-03
   2.4868989e-03
   6.2790520e-04
  -1.2533323e-03
  -3.0901699e-03
  -4.8175367e-03
  -6.3742399e-03
  -7.7051324e-03
  -8.7630668e-03
  -9.5105652e-03
  -9.9211470e-03
  -9.9802673e-03
  -9.6858316e-03
  -9.0482705e-03
  -8.0901699e-03
  -6.8454711e-03
  -5.3582679e-03
  -3.6812455e-03
  -1.8738131e-03
  -1.3718520e-16
   1.8738131e-03
   3.6812455e-03
   5.3582679e-03
   6.8454711e-03
   8.0901699e-03
   9.0482705e-03
   9.6858316e-03
   9.9802673e-03
   9.9211470e-03
   9.5105652e-03
   8.7630668e-03
   7.7051324e-03
   6.3742399e-03
   4.8175367e-03
   3.0901699e-03
   1.2533323e-03
  -6.2790520e-04
  -2.4868989e-03
  -4.2577929e-03
  -5.8778525e-03
  -7.2896863e-03
  -8.4432793e-03
  -9.2977649e-03
  -9.8228725e-03
  -1.0000000e-02
  -9.8228725e-03
  -9.2977649e-03
  -8.4432793e-03
  -7.2896863e-03
  -5.8778525e-03
  -4.2577929e-03
  -2.4868989e-03
  -6.2790520e-04
   1.2533323e-03
   3.0901699e-03
   4.8175367e-03
   6.3742399e-03
   7.7051324e-03
   8.7630668e-03
   9.5105652e-03
   9.9211470e-03
   9.9802673e-03
   9.6858316e-03
   9.0482705e-03
   8.0901699e-03
   6.8454711e-03
   5.3582679e-03
   3.6812455e-03
   1.8738131e-03
   1.7638628e-16
  -1.8738131e-03
  -3.6812455e-03
  -5.3582679e-03
  -6.8454711e-03
  -8.0901699e-03
  -9.0482705e-03
  -9.6858316e-03
  -9.9802673e-03
  -9.9211470e-03
  -9.5105652e-03
  -8.7630668e-03
  -7.7051324e-03
  -6.3742399e-03
  -4.8175367e-03
  -3.0901699e-03
  -1.2533323e-03
   6.2790520e-04
   2.4868989e-03
   4.2577929e-03
   5.8778525e-03
   7.2896863e-03
   8.4432793e-03
   9.2977649e-03
   9.8228725e-03
   1.0000000e-02
   9.8228725e-03
   9.2977649e-03
   8.4432793e-03
   7.2896863e-03
   5.8778525e-03
   4.2577929e-03
   2.4868989e-03
   6.2790520e-04
  -1.2533323e-03
  -3.0901699e-03
  -4.8175367e-03
  -6.3742399e-03
  -7.7051324e-03
  -8.7630668e-03
  -9.5105652e-03
  -9.9211470e-03
  -9.9802673e-03
  -9.6858316e-03
  -9.0482705e-03
  -8.0901699e-03
  -6.8454711e-03
  -5.3582679e-03
  -3.6812455e-03
  -1.8738131e-03
   0.0000000e+00
   1.8738131e-03
   3.6812455e-03
   5.3582679e-03
   6.8454711e-03
   8.0901699e-03
   9.0482705e-03
   9.6858316e-03
   9.9802673e-03
   9.9211470e-03
   9.5105652e-03
   8.7630668e-03
   7.7051324e-03
   6.3742399e-03
   4.8175367e-03
   3.0901699e-03
   1.2533323e-03
  -6.2790520e-04
  -2.4868989e-03
  -4.2577929e-03
  -5.8778525e-03
  -7.2896863e-03
  -8.4432793e-03
  -9.2977649e-03
  -9.8228725e-03
  -1.0000000e-02
  -9.8228725e-03
  -9.2977649e-03
  -8.4432793e-03
  -7.2896863e-03
  -5.8778525e-03
  -4.2577929e-03
  -2.4868989e-03
  -6.2790520e-04
   1.2533323e-03
   3.0901699e-03
   4.8175367e-03
   6.3742399e-03
   7.7051324e-03
   8.7630668e-03
   9.5105652e-03
   9.9211470e-03
   9.9802673e-03
   9.6858316e-03
   9.0482705e-03
   8.0901699e-03
   6.8454711e-03
   5.3582679e-03
   3.6812455e-03
   1.8738131e-03
   3.6739404e-18
  -1.8738131e-03
  -3.6812455e-03
  -5.3582679e-03
  -6.8454711e-03
  -8.0901699e-03
  -9.0482705e-03
  -9.6858316e-03
  -9.9802673e-03
  -9.9211470e-03
  -9.5105652e-03
  -8.7630668e-03
  -7.7051324e-03
  -6.3742399e-03
  -4.8175367e-03
  -3.0901699e-03
  -1.2533323e-03
   6.2790520e-04
   2.4868989e-03
   4.2577929e-03
   5.8778525e-03
   7.2896863e-03
   8.4432793e-03
   9.2977649e-03
   9.8228725e-03
   1.0000000e-02
   9.8228725e-03
   9.2977649e-03
   8.4432793e-03
   7.2896863e-03
   5.8778525e-03
   4.2577929e-03
   2.4868989e-03
   6.2790520e-04
  -1.2533323e-03
  -3.0901699e-03
  -4.8175367e-03
  -6.3742399e-03
  -7.7051324e-03
  -8.7630668e-03
  -9.5105652e-03
  -9.9211470e-03
  -9.9802673e-03
  -9.6858316e-03
  -9.0482705e-03
  -8.0901699e-03
  -6.8454711e-03
  -5.3582679e-03
  -3.6812455e-03
  -1.8738131e-03
  -7.3478808e-18
   1.8738131e-03
   3.6812455e-03
   5.3582679e-03
   6.8454711e-03
   8.0901699e-03
   9.0482705e-03
   9.6858316e-03
   9.9802673e-03
   9.9211470e-03
   9.5105652e-03
   8.7630668e-03
   7.7051324e-03
   6.3742399e-03
   4.8175367e-03
   3.0901699e-03
   1.2533323e-03
  -6.2790520e-04
  -2.4868989e-03
  -4.2577929e-03
  -5.8778525e-03
  -7.2896863e-03
  -8.4432793e-03
  -9.2977649e-03
  -9.8228725e-03
  -1.0000000e-02
  -9.8228725e-03
  -9.2977649e-03
  -8.4432793e-03
  -7.2896863e-03
  -5.8778525e-03
  -4.2577929e-03
  -2.4868989e-03
  -6.2790520e-04
   1.2533323e-03
   3.0901699e-03
   4.8175367e-03
   6.3742399e-03
   7.7051324e-03
   8.7630668e-03
   9.5105652e-03
   9.9211470e-03
   9.9802673e-03
   9.6858316e-03
   9.0482705e-03
   8.0901699e-03
   6.8454711e-03
   5.3582679e-03
   3.6812455e-03
   1.8738131e-03
   1.1021821e-17
  -1.8738131e-03
  -3.6812455e-03
  -5.3582679e-03
  -6.8454711e-03
  -8.0901699e-03
  -9.0482705e-03
  -9.6858316e-03
  -9.9802673e-03
  -9.9211470e-03
  -9.5105652e-03
  -8.7630668e-03
  -7.7051324e-03
  -6.3742399e-03
  -4.8175367e-03
  -3.0901699e-03
  -1.2533323e-03
   6.2790520e-04
   2.4868989e-03
   4.2577929e-03
   5.8778525e-03
   7.2896863e-03
   8.4432793e-03
   9.2977649e-03
   9.8228725e-03
   1.0000000e-02
   9.8228725e-03
   9.2977649e-03
   8.4432793e-03
   7.2896863e-03
   5.8778525e-03
   4.2577929e-03
   2.4868989e-03
   6.2790520e-04
  -1.2533323e-03
  -3.0901699e-03
  -4.8175367e-03
  -6.3742399e-03
  -7.7051324e-03
  -8.7630668e-03
  -9.5105652e-03
  -9.9211470e-03
  -9.9802673e-03
  -9.6858316e-03
  -9.0482705e-03
  -8.0901699e-03
  -6.8454711e-03
  -5.3582679e-03
  -3.6812455e-03
  -1.8738131e-03
  -1.4695762e-17
   1.8738131e-03
   3.6812455e-03
   5.3582679e-03
   6.8454711e-03
   8.0901699e-03
   9.0482705e-03
   9.6858316e-03
   9.9802673e-03
   9.9211470e-03
   9.5105652e-03
   8.7630668e-03
   7.7051324e-03
   6.3742399e-03
   4.8175367e-03
   3.0901699e-03
   1.2533323e-03
  -6.2790520e-04
  -2.4868989e-03
  -4.2577929e-03
  -5.8778525e-03
  -7.2896863e-03
  -8.4432793e-03
  -9.2977649e-03
  -9.8228725e-03
  -1.0000000e-02
  -9.8228725e-03
  -9.2977649e-03
  -8.4432793e-03
  -7.2896863e-03
  -5.8778525e-03
  -4.2577929e-03
  -2.4868989e-03
  -6.2790520e-04
   1.2533323e-03
   3.0901699e-03
   4.8175367e-03
   6.3742399e-03
   7.7051324e-03
   8.7630668e-03
   9.5105652e-03
   9.9211470e-03
   9.9802673e-03
   9.6858316e-03
   9.0482705e-03
   8.0901699e-03
   6.8454711e-03
   5.3582679e-03
   3.6812455e-03
   1.8738131e-03
   5.3896839e-17
  -1.8738131e-03
  -3.6812455e-03
  -5.3582679e-03
  -6.8454711e-03
  -8.0901699e-03
  -9.0482705e-03
  -9.6858316e-03
  -9.9802673e-03
  -9.9211470e-03
  -9.5105652e-03
  -8.7630668e-03
  -7.7051324e-03
  -6.3742399e-03
  -4.8175367e-03
  -3.0901699e-03
  -1.2533323e-03
   6.2790520e-04
   2.4868989e-03
   4.2577929e-03
   5.8778525e-03
   7.2896863e-03
   8.4432793e-03
   9.2977649e-03
   9.8228725e-03
   1.0000000e-02
   9.8228725e-03
   9.2977649e-03
   8.4432793e-03
   7.2896863e-03
   5.8778525e-03
   4.2577929e-03
   2.4868989e-03
   6.2790520e-04
  -1.2533323e-03
  -3.0901699e-03
  -4.8175367e-03
  -6.3742399e-03
  -7.7051324e-03
  -8.7630668e-03
  -9.5105652e-03
  -9.9211470e-03
  -9.9802673e-03
  -9.6858316e-03
  -9.0482705e-03
  -8.0901699e-03
  -6.8454711e-03
  -5.3582679e-03
  -3.6812455e-03
  -1.8738131e-03
  -2.2043642e-17
   1.8738131e-03
   3.6812455e-03
   5.3582679e-03
   6.8454711e-03
   8.0901699e-03
   9.0482705e-03
   9.6858316e-03
   9.9802673e-03
   9.9211470e-03
   9.5105652e-03
   8.7630668e-03
   7.7051324e-03
   6.3742399e-03
   4.8175367e-03
   3.0901699e-03
   1.2533323e-03
  -6.2790520e-04
  -2.4868989e-03
  -4.2577929e-03
  -5.8778525e-03
  -7.2896863e-03
  -8.4432793e-03
  -9.2977649e-03
  -9.8228725e-03
  -1.0000000e-02
  -9.8228725e-03
  -9.2977649e-03
  -8.4432793e-03
  -7.2896863e-03
  -5.8778525e-03
  -4.2577929e-03
  -2.4868989e-03
  -6.2790520e-04
   1.2533323e-03
   3.0901699e-03
   4.8175367e-03
   6.3742399e-03
   7.7051324e-03
   8.7630668e-03
   9.5105652e-03
   9.9211470e-03
   9.9802673e-03
   9.6858316e-03
   9.0482705e-03
   8.0901699e-03
   6.8454711e-03
   5.3582679e-03
   3.6812455e-03
   1.8738131e-03
   1.3229899e-16
  -1.8738131e-03
  -3.6812455e-03
  -5.3582679e-03
  -6.8454711e-03
  -8.0901699e-03
  -9.0482705e-03
  -9.6858316e-03
  -9.9802673e-03
  -9.9211470e-03
  -9.5105652e-03
  -8.7630668e-03
  -7.7051324e-03
  -6.3742399e-03
  -4.8175367e-03
  -3.0901699e-03
  -1.2533323e-03
   6.2790520e-04
   2.4868989e-03
   4.2577929e-03
   5.8778525e-03
   7.2896863e-03
   8.4432793e-03
   9.2977649e-03
   9.8228725e-03
   1.0000000e-02
   9.8228725e-03
   9.2977649e-03
   8.4432793e-03
   7.2896863e-03
   5.8778525e-03
   4.2577929e-03
   2.4868989e-03
   6.2790520e-04
  -1.2533323e-03
  -3.0901699e-03
  -4.8175367e-03
  -6.3742399e-03
  -7.7051324e-03
  -8.7630668e-03
  -9.5105652e-03
  -9.9211470e-03
  -9.9802673e-03
  -9.6858316e-03
  -9.0482705e-03
  -8.0901699e-03
  -6.8454711e-03
  -5.3582679e-03
  -3.6812455e-03
  -1.8738131e-03
  -2.9391523e-17
   1.8738131e-03
   3.6812455e-03
   5.3582679e-03
   6.8454711e-03
   8.0901699e-03
   9.0482705e-03
   9.6858316e-03
   9.9802673e-03
   9.9211470e-03
   9.5105652e-03
   8.7630668e-03
   7.7051324e-03
   6.3742399e-03
   4.8175367e-03
   3.0901699e-03
   1.2533323e-03
  -6.2790520e-04
  -2.4868989e-03
  -4.2577929e-03
  -5.8778525e-03
  -7.2896863e-03
  -8.4432793e-03
  -9.2977649e-03
  -9.8228725e-03
  -1.0000000e-02
  -9.8228725e-03
  -9.2977649e-03
  -8.4432793e-03
  -7.2896863e-03
  -5.8778525e-03
  -4.2577929e-03
  -2.4868989e-03
  -6.2790520e-04
   1.2533323e-03
   3.0901699e-03
   4.8175367e-03
   6.3742399e-03
   7.7051324e-03
   8.7630668e-03
   9.5105652e-03
   9.9211470e-03
   9.9802673e-03
   9.6858316e-03
   9.0482705e-03
   8.0901699e-03
   6.8454711e-03
   5.3582679e-03
   3.6812455e-03
   1.8738131e-03
   6.8592600e-17
  -1.8738131e-03
  -3.6812455e-03
  -5.3582679e-03
  -6.8454711e-03
  -8.0901699e-03
  -9.0482705e-03
  -9.6858316e-03
  -9.9802673e-03
  -9.9211470e-03
  -9.5105652e-03
  -8.7630668e-03
  -7.7051324e-03
  -6.3742399e-03
  -4.8175367e-03
  -3.0901699e-03
  -1.2533323e-03
   6.2790520e-04
   2.4868989e-03
   4.2577929e-03
   5.8778525e-03
   7.2896863e-03
   8.4432793e-03
   9.2977649e-03
   9.8228725e-03
   1.0000000e-02
   9.8228725e-03
   9.2977649e-03
   8.4432793e-03
   7.2896863e-03
   5.8778525e-03
   4.2577929e-03
   2.4868989e-03
   6.2790520e-04
  -1.2533323e-03
  -3.0901699e-03
  -4.8175367e-03
  -6.3742399e-03
  -7.7051324e-03
  -8.7630668e-03
  -9.5105652e-03
  -9.9211470e-03
  -9.9802673e-03
  -9.6858316e-03
  -9.0482705e-03
  -8.0901699e-03
  -6.8454711e-03
  -5.3582679e-03
  -3.6812455e-03
  -1.8738131e-03
  -1.0779368e-16
   1.8738131e-03
   3.6812455e-03
   5.3582679e-03
   6.8454711e-03
   8.0901699e-03
   9.0482705e-03
   9.6858316e-03
   9.9802673e-03
   9.9211470e-03
   9.5105652e-03
   8.7630668e-03
   7.7051324e-03
   6.3742399e-03
   4.8175367e-03
   3.0901699e-03
   1.2533323e-03
  -6.2790520e-04
  -2.4868989e-03
  -4.2577929e-03
  -5.8778525e-03
  -7.2896863e-03
  -8.4432793e-03
  -9.2977649e-03
  -9.8228725e-03
  -1.0000000e-02
  -9.8228725e-03
  -9.2977649e-03
  -8.4432793e-03
  -7.2896863e-03
  -5.8778525e-03
  -4.2577929e-03
  -2.4868989e-03
  -6.2790520e-04
   1.2533323e-03
   3.0901699e-03
   4.8175367e-03
   6.3742399e-03
   7.7051324e-03
   8.7630668e-03
   9.5105652e-03
   9.9211470e-03
   9.9802673e-03
   9.6858316e-03
   9.0482705e-03
   8.0901699e-03
   6.8454711e-03
   5.3582679e-03
   3.6812455e-03
   1.8738131e-03
   4.8862076e-18
  -1.8738131e-03
  -3.6812455e-03
  -5.3582679e-03
  -6.8454711e-03
  -8.0901699e-03
  -9.0482705e-03
  -9.6858316e-03
  -9.9802673e-03
  -9.9211470e-03
  -9.5105652e-03
  -8.7630668e-03
  -7.7051324e-03
  -6.3742399e-03
  -4.8175367e-03
  -3.0901699e-03
  -1.2533323e-03
   6.2790520e-04
   2.4868989e-03
   4.2577929e-03
   5.8778525e-03
   7.2896863e-03
   8.4432793e-03
   9.2977649e-03
   9.8228725e-03
   1.0000000e-02
   9.8228725e-03
   9.2977649e-03
   8.4432793e-03
   7.2896863e-03
   5.8778525e-03
   4.2577929e-03
   2.4868989e-03
   6.2790520e-04
  -1.2533323e-03
  -3.0901699e-03
  -4.8175367e-03
  -6.3742399e-03
  -7.7051324e-03
  -8.7630668e-03
  -9.5105652e-03
  -9.9211470e-03
  -9.9802673e-03
  -9.6858316e-03
  -9.0482705e-03
  -8.0901699e-03
  -6.8454711e-03
  -5.3582679e-03
  -3.6812455e-03
  -1.8738131e-03
  -4.4087285e-17
   1.8738131e-03
   3.6812455e-03
   5.3582679e-03
   6.8454711e-03
   8.0901699e-03
   9.0482705e-03
   9.6858316e-03
   9.9802673e-03
   9.9211470e-03
   9.5105652e-03
   8.7630668e-03
   7.7051324e-03
   6.3742399e-03
   4.8175367e-03
   3.0901699e-03
   1.2533323e-03
  -6.2790520e-04
  -2.4868989e-03
  -4.2577929e-03
  -5.8778525e-03
  -7.2896863e-03
  -8.4432793e-03
  -9.2977649e-03
  -9.8228725e-03
  -1.0000000e-02
  -9.8228725e-03
  -9.2977649e-03
  -8.4432793e-03
  -7.2896863e-03
  -5.8778525e-03
  -4.2577929e-03
  -2.4868989e-03
  -6.2790520e-04
   1.2533323e-03
   3.0901699e-03
   4.8175367e-03
   6.3742399e-03
   7.7051324e-03
   8.7630668e-03
   9.5105652e-03
   9.9211470e-03
   9.9802673e-03
   9.6858316e-03
   9.0482705e-03
   8.0901699e-03
   6.8454711e-03
   5.3582679e-03
   3.6812455e-03
   1.8738131e-03
   2.2539691e-16
  -1.8738131e-03
  -3.6812455e-03
  -5.3582679e-03
  -6.8454711e-03
  -8.0901699e-03
  -9.0482705e-03
  -9.6858316e-03
  -9.9802673e-03
  -9.9211470e-03
  -9.5105652e-03
  -8.7630668e-03
  -7.7051324e-03
  -6.3742399e-03
  -4.8175367e-03
  -3.0901699e-03
  -1.2533323e-03
   6.2790520e-04
   2.4868989e-03
   4.2577929e-03
   5.8778525e-03
   7.2896863e-03
   8.4432793e-03
   9.2977649e-03
   9.8228725e-03
   1.0000000e-02
   9.8228725e-03
   9.2977649e-03
   8.4432793e-03
   7.2896863e-03
   5.8778525e-03
   4.2577929e-03
   2.4868989e-03
   6.2790520e-04
  -1.2533323e-03
  -3.0901699e-03
  -4.8175367e-03
  -6.3742399e-03
  -7.7051324e-03
  -8.7630668e-03
  -9.5105652e-03
  -9.9211470e-03
  -9.9802673e-03
  -9.6858316e-03
  -9.0482705e-03
  -8.0901699e-03
  -6.8454711e-03
  -5.3582679e-03
  -3.6812455e-03
  -1.8738131e-03
  -2.6459799e-16
   1.8738131e-03
   3.6812455e-03
   5.3582679e-03
   6.8454711e-03
   8.0901699e-03
   9.0482705e-03
   9.6858316e-03
   9.9802673e-03
   9.9211470e-03
   9.5105652e-03
   8.7630668e-03
   7.7051324e-03
   6.3742399e-03
   4.8175367e-03
   3.0901699e-03
   1.2533323e-03
  -6.2790520e-04
  -2.4868989e-03
  -4.2577929e-03
  -5.8778525e-03
  -7.2896863e-03
  -8.4432793e-03
  -9.2977649e-03
  -9.8228725e-03
  -1.0000000e-02
  -9.8228725e-03
  -9.2977649e-03
  -8.4432793e-03
  -7.2896863e-03
  -5.8778525e-03
  -4.2577929e-03
  -2.4868989e-03
  -6.2790520e-04
   1.2533323e-03
   3.0901699e-03
   4.8175367e-03
   6.3742399e-03
   7.7051324e-03
   8.7630668e-03
   9.5105652e-03
   9.9211470e-03
   9.9802673e-03
   9.6858316e-03
   9.0482705e-03
   8.0901699e-03
   6.8454711e-03
   5.3582679e-03
   3.6812455e-03
   1.8738131e-03
   1.9581969e-17
  -1.8738131e-03
  -3.6812455e-03
  -5.3582679e-03
  -6.8454711e-03
  -8.0901699e-03
  -9.0482705e-03
  -9.6858316e-03
  -9.9802673e-03
  -9.9211470e-03
  -9.5105652e-03
  -8.7630668e-03
  -7.7051324e-03
  -6.3742399e-03
  -4.8175367e-03
  -3.0901699e-03
  -1.2533323e-03
   6.2790520e-04
   2.4868989e-03
   4.2577929e-03
   5.8778525e-03
   7.2896863e-03
   8.4432793e-03
   9.2977649e-03
   9.8228725e-03
   1.0000000e-02
   9.8228725e-03
   9.2977649e-03
   8.4432793e-03
   7.2896863e-03
   5.8778525e-03
   4.2577929e-03
   2.4868989e-03
   6.2790520e-04
  -1.2533323e-03
  -3.0901699e-03
  -4.8175367e-03
  -6.3742399e-03
  -7.7051324e-03
  -8.7630668e-03
  -9.5105652e-03
  -9.9211470e-03
  -9.9802673e-03
  -9.6858316e-03
  -9.0482705e-03
  -8.0901699e-03
  -6.8454711e-03
  -5.3582679e-03
  -3.6812455e-03
  -1.8738131e-03
  -5.8783046e-17
   1.8738131e-03
   3.6812455e-03
   5.3582679e-03
   6.8454711e-03
   8.0901699e-03
   9.0482705e-03
   9.6858316e-03
   9.9802673e-03
   9.9211470e-03
   9.5105652e-03
   8.7630668e-03
   7.7051324e-03
   6.3742399e-03
   4.8175367e-03
   3.0901699e-03
   1.2533323e-03
  -6.2790520e-04
  -2.4868989e-03
  -4.2577929e-03
  -5.8778525e-03
  -7.2896863e-03
  -8.4432793e-03
  -9.2977649e-03
  -9.8228725e-03
  -1.0000000e-02
  -9.8228725e-03
  -9.2977649e-03
  -8.4432793e-03
  -7.2896863e-03
  -5.8778525e-03
  -4.2577929e-03
  -2.4868989e-03
  -6.2790520e-04
   1.2533323e-03
   3.0901699e-03
   4.8175367e-03
   6.3742399e-03
   7.7051324e-03
   8.7630668e-03
   9.5105652e-03
   9.9211470e-03
   9.9802673e-03
   9.6858316e-03
   9.0482705e-03
   8.0901699e-03
   6.8454711e-03
   5.3582679e-03
   3.6812455e-03
   1.8738131e-03
   9.7984124e-17
  -1.8738131e-03
  -3.6812455e-03
  -5.3582679e-03
  -6.8454711e-03
  -8.0901699e-03
  -9.0482705e-03
  -9.6858316e-03
  -9.9802673e-03
  -9.9211470e-03
  -9.5105652e-03
  -8.7630668e-03
  -7.7051324e-03
  -6.3742399e-03
  -4.8175367e-03
  -3.0901699e-03
  -1.2533323e-03
   6.2790520e-04
   2.4868989e-03
   4.2577929e-03
   5.8778525e-03
   7.2896863e-03
   8.4432793e-03
   9.2977649e-03
   9.8228725e-03
   1.0000000e-02
   9.8228725e-03
   9.2977649e-03
   8.4432793e-03
   7.2896863e-03
   5.8778525e-03
   4.2577929e-03
   2.4868989e-03
   6.2790520e-04
  -1.2533323e-03
  -3.0901699e-03
  -4.8175367e-03
  -6.3742399e-03
  -7.7051324e-03
  -8.7630668e-03
  -9.5105652e-03
  -9.9211470e-03
  -9.9802673e-03
  -9.6858316e-03
  -9.0482705e-03
  -8.0901699e-03
  -6.8454711e-03
  -5.3582679e-03
  -3.6812455e-03
  -1.8738131e-03
  -1.3718520e-16
   1.8738131e-03
   3.6812455e-03
   5.3582679e-03
   6.8454711e-03
   8.0901699e-03
   9.0482705e-03
   9.6858316e-03
   9.9802673e-03
   9.9211470e-03
   9.5105652e-03
   8.7630668e-03
   7.7051324e-03
   6.3742399e-03
   4.8175367e-03
   3.0901699e-03
   1.2533323e-03
  -6.2790520e-04
  -2.4868989e-03
  -4.2577929e-03
  -5.8778525e-03
  -7.2896863e-03
  -8.4432793e-03
  -9.2977649e-03
  -9.8228725e-03
  -1.0000000e-02
  -9.8228725e-03
  -9.2977649e-03
  -8.4432793e-03
  -7.2896863e-03
  -5.8778525e-03
  -4.2577929e-03
  -2.4868989e-03
  -6.2790520e-04
   1.2533323e-03
   3.0901699e-03
   4.8175367e-03
   6.3742399e-03
   7.7051324e-03
   8.7630668e-03
   9.5105652e-03
   9.9211470e-03
   9.9802673e-03
   9.6858316e-03
   9.0482705e-03
   8.0901699e-03
   6.8454711e-03
   5.3582679e-03
   3.6812455e-03
   1.8738131e-03
   1.7638628e-16
  -1.8738131e-03
  -3.6812455e-03
  -5.3582679e-03
  -6.8454711e-03
  -8.0901699e-03
  -9.0482705e-03
  -9.6858316e-03
  -9.9802673e-03
  -9.9211470e-03
  -9.5105652e-03
  -8.7630668e-03
  -7.7051324e-03
  -6.3742399e-03
  -4.8175367e-03
  -3.0901699e-03
  -1.2533323e-03
   6.2790520e-04
   2.4868989e-03
   4.2577929e-03
   5.8778525e-03
   7.2896863e-03
   8.4432793e-03
   9.2977649e-03
   9.8228725e-03
   1.0000000e-02
   9.8228725e-03
   9.2977649e-03
   8.4432793e-03
   7.2896863e-03
   5.8778525e-03
   4.2577929e-03
   2.4868989e-03
   6.2790520e-04
  -1.2533323e-03
  -3.0901699e-03
  -4.8175367e-03
  -6.3742399e-03
  -7.7051324e-03
  -8.7630668e-03
  -9.5105652e-03
  -9.9211470e-03
  -9.9802673e-03
  -9.6858316e-03
  -9.0482705e-03
  -8.0901699e-03
  -6.8454711e-03
  -5.3582679e-03
  -3.6812455e-03
  -1.8738131e-03
   0.0000000e+00
   1.8738131e-03
   3.6812455e-03
   5.3582679e-03
   6.8454711e-03
   8.0901699e-03
   9.0482705e-03
   9.6858316e-03
   9.9802673e-03
   9.9211470e-03
   9.5105652e-03
   8.7630668e-03
   7.7051324e-03
   6.3742399e-03
   4.8175367e-03
   3.0901699e-03
   1.2533323e-03
  -6.2790520e-04
  -2.4868989e-03
  -4.2577929e-03
  -5.8778525e-03
  -7.2896863e-03
  -8.4432793e-03
  -9.2977649e-03
  -9.8228725e-03
  -1.0000000e-02
  -9.8228725e-03
  -9.2977649e-03
  -8.4432793e-03
  -7.2896863e-03
  -5.8778525e-03
  -4.2577929e-03
  -2.4868989e-03
  -6.2790520e-04
   1.2533323e-03
   3.0901699e-03
   4.8175367e-03
   6.3742399e-03
   7.7051324e-03
   8.7630668e-03
   9.5105652e-03
   9.9211470e-03
   9.9802673e-03
   9.6858316e-03
   9.0482705e-03
   8.0901699e-03
   6.8454711e-03
   5.3582679e-03
   3.6812455e-03
   1.8738131e-03
   3.6739404e-18
  -1.8738131e-03
  -3.6812455e-03
  -5.3582679e-03
  -6.8454711e-03
  -8.0901699e-03
  -9.0482705e-03
  -9.6858316e-03
  -9.9802673e-03
  -9.9211470e-03
  -9.5105652e-03
  -8.7630668e-03
  -7.7051324e-03
  -6.3742399e-03
  -4.8175367e-03
  -3.0901699e-03
  -1.2533323e-03
   6.2790520e-04
   2.4868989e-03
   4.2577929e-03
   5.8778525e-03
   7.2896863e-03
   8.4432793e-03
   9.2977649e-03
   9.8228725e-03
   1.0000000e-02
   9.8228725e-03
   9.2977649e-03
   8.4432793e-03
   7.2896863e-03
   5.8778525e-03
   4.2577929e-03
   2.4868989e-03
   6.2790520e-04
  -1.2533323e-03
  -3.0901699e-03
  -4.8175367e-03
  -6.3742399e-03
  -7.7051324e-03
  -8.7630668e-03
  -9.5105652e-03
  -9.9211470e-03
  -9.9802673e-03
  -9.6858316e-03
  -9.0482705e-03
  -8.0901699e-03
  -6.8454711e-03
  -5.3582679e-03
  -3.6812455e-03
  -1.8738131e-03
  -7.3478808e-18
   1.8738131e-03
   3.6812455e-03
   5.3582679e-03
   6.8454711e-03
   8.0901699e-03
   9.0482705e-03
   9.6858316e-03
   9.9802673e-03
   9.9211470e-03
   9.5105652e-03
   8.7630668e-03
   7.7051324e-03
   6.3742399e-03
   4.8175367e-03
   3.0901699e-03
   1.2533323e-03
  -6.2790520e-04
  -2.4868989e-03
  -4.2577929e-03
  -5.8778525e-03
  -7.2896863e-03
  -8.4432793e-03
  -9.2977649e-03
  -9.8228725e-03
  -1.0000000e-02
  -9.8228725e-03
  -9.2977649e-03
  -8.4432793e-03
  -7.2896863e-03
  -5.8778525e-03
  -4.2577929e-03
  -2.4868989e-03
  -6.2790520e-04
   1.2533323e-03
   3.0901699e-03
   4.8175367e-03
   6.3742399e-03
   7.7051324e-03
   8.7630668e-03
   9.5105652e-03
   9.9211470e-03
   9.9802673e-03
   9.6858316e-03
   9.0482705e-03
   8.0901699e-03
   6.8454711e-03
   5.3582679e-03
   3.6812455e-03
   1.8738131e-03
   1.1021821e-17
  -1.8738131e-03
  -3.6812455e-03
  -5.3582679e-03
  -6.8454711e-03
  -8.0901699e-03
  -9.0482705e-03
  -9.6858316e-03
  -9.9802673e-03
  -9.9211470e-03
  -9.5105652e-03
  -8.7630668e-03
  -7.7051324e-03
  -6.3742399e-03
  -4.8175367e-03
  -3.0901699e-03
  -1.2533323e-03
   6.2790520e-04
   2.4868989e-03
   4.2577929e-03
   5.8778525e-03
   7.2896863e-03
   8.4432793e-03
   9.2977649e-03
   9.8228725e-03
   1.0000000e-02
   9.8228725e-03
   9.2977649e-03
   8.4432793e-03
   7.2896863e-03
   5.8778525e-03
   4.2577929e-03
   2.4868989e-03
   6.2790520e-04
  -1.2533323e-03
  -3.0901699e-03
  -4.8175367e-03
  -6.3742399e-03
  -7.7051324e-03
  -8.7630668e-03
  -9.5105652e-03
  -9.9211470e-03
  -9.9802673e-03
  -9.6858316e-03
  -9.0482705e-03
  -8.0901699e-03
  -6.8454711e-03
  -5.3582679e-03
  -3.6812455e-03
  -1.8738131e-03
  -1.4695762e-17
   1.8738131e-03
   3.6812455e-03
   5.3582679e-03
   6.8454711e-03
   8.0901699e-03
   9.0482705e-03
   9.6858316e-03
   9.9802673e-03
   9.9211470e-03
   9.5105652e-03
   8.7630668e-03
   7.7051324e-03
   6.3742399e-03
   4.8175367e-03
   3.0901699e-03
   1.2533323e-03
  -6.2790520e-04
  -2.4868989e-03
  -4.2577929e-03
  -5.8778525e-03
  -7.2896863e-03
  -8.4432793e-03
  -9.2977649e-03
  -9.8228725e-03
  -1.0000000e-02
  -9.8228725e-03
  -9.2977649e-03
  -8.4432793e-03
  -7.2896863e-03
  -5.8778525e-03
  -4.2577929e-03
  -2.4868989e-03
  -6.2790520e-04
   1.2533323e-03
   3.0901699e-03
   4.8175367e-03
   6.3742399e-03
   7.7051324e-03
   8.7630668e-03
   9.5105652e-03
   9.9211470e-03
   9.9802673e-03
   9.6858316e-03
   9.0482705e-03
   8.0901699e-03
   6.8454711e-03
   5.3582679e-03
   3.6812455e-03
   1.8738131e-03
   5.3896839e-17
  -1.8738131e-03
  -3.6812455e-03
  -5.3582679e-03
  -6.8454711e-03
  -8.0901699e-03
  -9.0482705e-03
  -9.6858316e-03
  -9.9802673e-03
  -9.9211470e-03
  -9.5105652e-03
  -8.7630668e-03
  -7.7051324e-03
  -6.3742399e-03
  -4.8175367e-03
  -3.0901699e-03
  -1.2533323e-03
   6.2790520e-04
   2.4868989e-03
   4.2577929e-03
   5.8778525e-03
   7.2896863e-03
   8.4432793e-03
   9.2977649e-03
   9.8228725e-03
   1.0000000e-02
   9.8228725e-03
   9.2977649e-03
   8.4432793e-03
   7.2896863e-03
   5.8778525e-03
   4.2577929e-03
   2.4868989e-03
   6.2790520e-04
  -1.2533323e-03
  -3.0901699e-03
  -4.8175367e-03
  -6.3742399e-03
  -7.7051324e-03
  -8.7630668e-03
  -9.5105652e-03
  -9.9211470e-03
  -9.9802673e-03
  -9.6858316e-03
  -9.0482705e-03
  -8.0901699e-03
  -6.8454711e-03
  -5.3582679e-03
  -3.6812455e-03
  -1.8738131e-03
  -2.2043642e-17
   1.8738131e-03
   3.6812455e-03
   5.3582679e-03
   6.8454711e-03
   8.0901699e-03
   9.0482705e-03
   9.6858316e-03
   9.9802673e-03
   9.9211470e-03
   9.5105652e-03
   8.7630668e-03
   7.7051324e-03
   6.3742399e-03
   4.8175367e-03
   3.0901699e-03
   1.2533323e-03
  -6.2790520e-04
  -2.4868989e-03
  -4.2577929e-03
  -5.8778525e-03
  -7.2896863e-03
  -8.4432793e-03
  -9.2977649e-03
  -9.8228725e-03
  -1.0000000e-02
  -9.8228725e-03
  -9.2977649e-03
  -8.4432793e-03
  -7.2896863e-03
  -5.8778525e-03
  -4.2577929e-03
  -2.4868989e-03
  -6.2790520e-04
   1.2533323e-03
   3.0901699e-03
   4.8175367e-03
   6.3742399e-03
   7.7051324e-03
   8.7630668e-03
   9.5105652e-03
   9.9211470e-03
   9.9802673e-03
   9.6858316e-03
   9.0482705e-03
   8.0901699e-03
   6.8454711e-03
   5.3582679e-03
   3.6812455e-03
   1.8738131e-03
   1.3229899e-16
  -1.8738131e-03
  -3.6812455e-03
  -5.3582679e-03
  -6.8454711e-03
  -8.0901699e-03
  -9.0482705e-03
  -9.6858316e-03
  -9.9802673e-03
  -9.9211470e-03
  -9.5105652e-03
  -8.7630668e-03
  -7.7051324e-03
  -6.3742399e-03
  -4.8175367e-03
  -3.0901699e-03
  -1.2533323e-03
   6.2790520e-04
   2.4868989e-03
   4.2577929e-03
   5.8778525e-03
   7.2896863e-03
   8.4432793e-03
   9.2977649e-03
   9.8228725e-03
   1.0000000e-02
   9.8228725e-03
   9.2977649e-03
   8.4432793e-03
   7.2896863e-03
   5.8778525e-03
   4.2577929e-03
   2.4868989e-03
   6.2790520e-04
  -1.2533323e-03
  -3.0901699e-03
  -4.8175367e-03
  -6.3742399e-03
  -7.7051324e-03
  -8.7630668e-03
  -9.5105652e-03
  -9.9211470e-03
  -9.9802673e-03
  -9.6858316e-03
  -9.0482705e-03
  -8.0901699e-03
  -6.8454711e-03
  -5.3582679e-03
  -3.6812455e-03
  -1.8738131e-03
  -2.9391523e-17
   1.8738131e-03
   3.6812455e-03
   5.3582679e-03
   6.8454711e-03
   8.0901699e-03
   9.0482705e-03
   9.6858316e-03
   9.9802673e-03
   9.9211470e-03
   9.5105652e-03
   8.7630668e-03
   7.7051324e-03
   6.3742399e-03
   4.8175367e-03
   3.0901699e-03
   1.2533323e-03
  -6.2790520e-04
  -2.4868989e-03
  -4.2577929e-03
  -5.8778525e-03
  -7.2896863e-03
  -8.4432793e-03
  -9.2977649e-03
  -9.8228725e-03
  -1.0000000e-02
  -9.8228725e-03
  -9.2977649e-03
  -8.4432793e-03
  -7.2896863e-03
  -5.8778525e-03
  -4.2577929e-03
  -2.4868989e-03
  -6.2790520e-04
   1.2533323e-03
   3.0901699e-03
   4.8175367e-03
   6.3742399e-03
   7.7051324e-03
   8.7630668e-03
   9.5105652e-03
   9.9211470e-03
   9.9802673e-03
   9.6858316e-03
   9.0482705e-03
   8.0901699e-03
   6.8454711e-03
   5.3582679e-03
   3.6812455e-03
   1.8738131e-03
   6.8592600e-17
  -1.8738131e-03
  -3.6812455e-03
  -5.3582679e-03
  -6.8454711e-03
  -8.0901699e-03
  -9.0482705e-03
  -9.6858316e-03
  -9.9802673e-03
  -9.9211470e-03
  -9.5105652e-03
  -8.7630668e-03
  -7.7051324e-03
  -6.3742399e-03
  -4.8175367e-03
  -3.0901699e-03
  -1.2533323e-03
   6.2790520e-04
   2.4868989e-03
   4.2577929e-03
   5.8778525e-03
   7.2896863e-03
   8.4432793e-03
   9.2977649e-03
   9.8228725e-03
   1.0000000e-02
   9.8228725e-03
   9.2977649e-03
   8.4432793e-03
   7.2896863e-03
   5.8778525e-03
   4.2577929e-03
   2.4868989e-03
   6.2790520e-04
  -1.2533323e-03
  -3.0901699e-03
  -4.8175367e-03
  -6.3742399e-03
  -7.7051324e-03
  -8.7630668e-03
  -9.5105652e-03
  -9.9211470e-03
  -9.9802673e-03
  -9.6858316e-03
  -9.0482705e-03
  -8.0901699e-03
  -6.8454711e-03
  -5.3582679e-03
  -3.6812455e-03
  -1.8738131e-03
  -1.0779368e-16
   1.8738131e-03
   3.6812455e-03
   5.3582679e-03
   6.8454711e-03
   8.0901699e-03
   9.0482705e-03
   9.6858316e-03
   9.9802673e-03
   9.9211470e-03
   9.5105652e-03
   8.7630668e-03
   7.7051324e-03
   6.3742399e-03
   4.8175367e-03
   3.0901699e-03
   1.2533323e-03
  -6.2790520e-04
  -2.4868989e-03
  -4.2577929e-03
  -5.8778525e-03
  -7.2896863e-03
  -8.4432793e-03
  -9.2977649e-03
  -9.8228725e-03
  -1.0000000e-02
  -9.8228725e-03
  -9.2977649e-03
  -8.4432793e-03
  -7.2896863e-03
  -5.8778525e-03
  -4.2577929e-03
  -2.4868989e-03
  -6.2790520e-04
   1.2533323e-03
   3.0901699e-03
   4.8175367e-03
   6.3742399e-03
   7.7051324e-03
   8.7630668e-03
   9.5105652e-03
   9.9211470e-03
   9.9802673e-03
   9.6858316e-03
   9.0482705e-03
   8.0901699e-03
   6.8454711e-03
   5.3582679e-03
   3.6812455e-03
   1.8738131e-03
   4.8862076e-18
  -1.8738131e-03
  -3.6812455e-03
  -5.3582679e-03
  -6.8454711e-03
  -8.0901699e-03
  -9.0482705e-03
  -9.6858316e-03
  -9.9802673e-03
  -9.9211470e-03
  -9.5105652e-03
  -8.7630668e-03
  -7.7051324e-03
  -6.3742399e-03
  -4.8175367e-03
  -3.0901699e-03
  -1.2533323e-03
   6.2790520e-04
   2.4868989e-03
   4.2577929e-03
   5.8778525e-03
   7.2896863e-03
   8.4432793e-03
   9.2977649e-03
   9.8228725e-03
   1.0000000e-02
   9.8228725e-03
   9.2977649e-03
   8.4432793e-03
   7.2896863e-03
   5.8778525e-03
   4.2577929e-03
   2.4868989e-03
   6.2790520e-04
  -1.2533323e-03
  -3.0901699e-03
  -4.8175367e-03
  -6.3742399e-03
  -7.7051324e-03
  -8.7630668e-03
  -9.5105652e-03
  -9.9211470e-03
  -9.9802673e-03
  -9.6858316e-03
  -9.0482705e-03
  -8.0901699e-03
  -6.8454711e-03
  -5.3582679e-03
  -3.6812455e-03
  -1.8738131e-03
  -4.4087285e-17
   1.8738131e-03
   3.6812455e-03
   5.3582679e-03
   6.8454711e-03
   8.0901699e-03
   9.0482705e-03
   9.6858316e-03
   9.9802673e-03
   9.9211470e-03
   9.5105652e-03
   8.7630668e-03
   7.7051324e-03
   6.3742399e-03
   4.8175367e-03
   3.0901699e-03
   1.2533323e-03
  -6.2790520e-04
  -2.4868989e-03
  -4.2577929e-03
  -5.8778525e-03
  -7.2896863e-03
  -8.4432793e-03
  -9.2977649e-03
  -9.8228725e-03
  -1.0000000e-02
  -9.8228725e-03
  -9.2977649e-03
  -8.4432793e-03
  -7.2896863e-03
  -5.8778525e-03
  -4.2577929e-03
  -2.4868989e-03
  -6.2790520e-04
   1.2533323e-03
   3.0901699e-03
   4.8175367e-03
   6.3742399e-03
   7.7051324e-03
   8.7630668e-03
   9.5105652e-03
   9.9211470e-03
   9.9802673e-03
   9.6858316e-03
   9.0482705e-03
   8.0901699e-03
   6.8454711e-03
   5.3582679e-03
   3.6812455e-03
   1.8738131e-03
   2.2539691e-16
  -1.8738131e-03
  -3.6812455e-03
  -5.3582679e-03
  -6.8454711e-03
  -8.0901699e-03
  -9.0482705e-03
  -9.6858316e-03
  -9.9802673e-03
  -9.9211470e-03
  -9.5105652e-03
  -8.7630668e-03
  -7.7051324e-03
  -6.3742399e-03
  -4.8175367e-03
  -3.0901699e-03
  -1.2533323e-03
   6.2790520e-04
   2.4868989e-03
   4.2577929e-03
   5.8778525e-03
   7.2896863e-03
   8.4432793e-03
   9.2977649e-03
   9.8228725e-03
   1.0000000e-02
   9.8228725e-03
   9.2977649e-03
   8.4432793e-03
   7.2896863e-03
   5.8778525e-03
   4.2577929e-03
   2.4868989e-03
   6.2790520e-04
  -1.2533323e-03
  -3.0901699e-03
  -4.8175367e-03
  -6.3742399e-03
  -7.7051324e-03
  -8.7630668e-03
  -9.5105652e-03
  -9.9211470e-03
  -9.9802673e-03
  -9.6858316e-03
  -9.0482705e-03
  -8.0901699e-03
  -6.8454711e-03
  -5.3582679e-03
  -3.6812455e-03
  -1.8738131e-03
  -2.6459799e-16
   1.8738131e-03
   3.6812455e-03
   5.3582679e-03
   6.8454711e-03
   8.0901699e-03
   9.0482705e-03
   9.6858316e-03
   9.9802673e-03
   9.9211470e-03
   9.5105652e-03
   8.7630668e-03
   7.7051324e-03
   6.3742399e-03
   4.8175367e-03
   3.0901699e-03
   1.2533323e-03
  -6.2790520e-04
  -2.4868989e-03
  -4.2577929e-03
  -5.8778525e-03
  -7.2896863e-03
  -8.4432793e-03
  -9.2977649e-03
  -9.8228725e-03
  -1.0000000e-02
  -9.8228725e-03
  -9.2977649e-03
  -8.4432793e-03
  -7.2896863e-03
  -5.8778525e-03
  -4.2577929e-03
  -2.4868989e-03
  -6.2790520e-04
   1.2533323e-03
   3.0901699e-03
   4.8175367e-03
   6.3742399e-03
   7.7051324e-03
   8.7630668e-03
   9.5105652e-03
   9.9211470e-03
   9.9802673e-03
   9.6858316e-03
   9.0482705e-03
   8.0901699e-03
   6.8454711e-03
   5.3582679e-03
   3.6812455e-03
   1.8738131e-03
   1.9581969e-17
  -1.8738131e-03
  -3.6812455e-03
  -5.3582679e-03
  -6.8454711e-03
  -8.0901699e-03
  -9.0482705e-03
  -9.6858316e-03
  -9.9802673e-03
  -9.9211470e-03
  -9.5105652e-03
  -8.7630668e-03
  -7.7051324e-03
  -6.3742399e-03
  -4.8175367e-03
  -3.0901699e-03
  -1.2533323e-03
   6.2790520e-04
   2.4868989e-03
   4.2577929e-03
   5.8778525e-03
   7.2896863e-03
   8.4432793e-03
   9.2977649e-03
   9.8228725e-03
   1.0000000e-02
   9.8228725e-03
   9.2977649e-03
   8.4432793e-03
   7.2896863e-03
   5.8778525e-03
   4.2577929e-03
   2.4868989e-03
   6.2790520e-04
  -1.2533323e-03
  -3.0901699e-03
  -4.8175367e-03
  -6.3742399e-03
  -7.7051324e-03
  -8.7630668e-03
  -9.5105652e-03
  -9.9211470e-03
  -9.9802673e-03
  -9.6858316e-03
  -9.0482705e-03
  -8.0901699e-03
  -6.8454711e-03
  -5.3582679e-03
  -3.6812455e-03
  -1.8738131e-03
  -5.8783046e-17
   1.8738131e-03
   3.6812455e-03
   5.3582679e-03
   6.8454711e-03
   8.0901699e-03
   9.0482705e-03
   9.6858316e-03
   9.9802673e-03
   9.9211470e-03
   9.5105652e-03
   8.7630668e-03
   7.7051324e-03
   6.3742399e-03
   4.8175367e-03
   3.0901699e-03
   1.2533323e-03
  -6.2790520e-04
  -2.4868989e-03
  -4.2577929e-03
  -5.8778525e-03
  -7.2896863e-03
  -8.4432793e-03
  -9.2977649e-03
  -9.8228725e-03
  -1.0000000e-02
  -9.8228725e-03
  -9.2977649e-03
  -8.4432793e-03
  -7.2896863e-03
  -5.8778525e-03
  -4.2577929e-03
  -2.4868989e-03
  -6.2790520e-04
   1.2533323e-03
   3.0901699e-03
   4.8175367e-03
   6.3742399e-03
   7.7051324e-03
   8.7630668e-03
   9.5105652e-03
   9.9211470e-03
   9.9802673e-03
   9.6858316e-03
   9.0482705e-03
   8.0901699e-03
   6.8454711e-03
   5.3582679e-03
   3.6812455e-03
   1.8738131e-03
   9.7984124e-17
  -1.8738131e-03
  -3.6812455e-03
  -5.3582679e-03
  -6.8454711e-03
  -8.0901699e-03
  -9.0482705e-03
  -9.6858316e-03
  -9.9802673e-03
  -9.9211470e-03
  -9.5105652e-03
  -8.7630668e-03
  -7.7051324e-03
  -6.3742399e-03
  -4.8175367e-03
  -3.0901699e-03
  -1.2533323e-03
   6.2790520e-04
   2.4868989e-03
   4.2577929e-03
   5.8778525e-03
   7.2896863e-03
   8.4432793e-03
   9.2977649e-03
   9.8228725e-03
   1.0000000e-02
   9.8228725e-03
   9.2977649e-03
   8.4432793e-03
   7.2896863e-03
   5.8778525e-03
   4.2577929e-03
   2.4868989e-03
   6.2790520e-04
  -1.2533323e-03
  -3.0901699e-03
  -4.8175367e-03
  -6.3742399e-03
  -7.7051324e-03
  -8.7630668e-03
  -9.5105652e-03
  -9.9211470e-03
  -9.9802673e-03
  -9.6858316e-03
  -9.0482705e-03
  -8.0901699e-03
  -6.8454711e-03
  -5.3582679e-03
  -3.6812455e-03
  -1.8738131e-03
  -1.3718520e-16
   1.8738131e-03
   3.6812455e-03
   5.3582679e-03
   6.8454711e-03
   8.0901699e-03
   9.0482705e-03
   9.6858316e-03
   9.9802673e-03
   9.9211470e-03
   9.5105652e-03
   8.7630668e-03
   7.7051324e-03
   6.3742399e-03
   4.8175367e-03
   3.0901699e-03
   1.2533323e-03
  -6.2790520e-04
  -2.4868989e-03
  -4.2577929e-03
  -5.8778525e-03
  -7.2896863e-03
  -8.4432793e-03
  -9.2977649e-03
  -9.8228725e-03
  -1.0000000e-02
  -9.8228725e-03
  -9.2977649e-03
  -8.4432793e-03
  -7.2896863e-03
  -5.8778525e-03
  -4.2577929e-03
  -2.4868989e-03
  -6.2790520e-04
   1.2533323e-03
   3.0901699e-03
   4.8175367e-03
   6.3742399e-03
   7.7051324e-03
   8.7630668e-03
   9.5105652e-03
   9.9211470e-03
   9.9802673e-03
   9.6858316e-03
   9.0482705e-03
   8.0901699e-03
   6.8454711e-03
   5.3582679e-03
   3.6812455e-03
   1.8738131e-03
   1.7638628e-16
  -1.8738131e-03
  -3.6812455e-03
  -5.3582679e-03
  -6.8454711e-03
  -8.0901699e-03
  -9.0482705e-03
  -9.6858316e-03
  -9.9802673e-03
  -9.9211470e-03
  -9.5105652e-03
  -8.7630668e-03
  -7.7051324e-03
  -6.3742399e-03
  -4.8175367e-03
  -3.0901699e-03
  -1.2533323e-03
   6.2790520e-04
   2.4868989e-03
   4.2577929e-03
   5.8778525e-03
   7.2896863e-03
   8.4432793e-03
   9.2977649e-03
   9.8228725e-03
   1.0000000e-02
   9.8228725e-03
   9.2977649e-03
   8.4432793e-03
   7.2896863e-03
   5.8778525e-03
   4.2577929e-03
   2.4868989e-03
   6.2790520e-04
  -1.2533323e-03
  -3.0901699e-03
  -4.8175367e-03
  -6.3742399e-03
  -7.7051324e-03
  -8.7630668e-03
  -9.5105652e-03
  -9.9211470e-03
  -9.9802673e-03
  -9.6858316e-03
  -9.0482705e-03
  -8.0901699e-03
  -6.8454711e-03
  -5.3582679e-03
  -3.6812455e-03
  -1.8738131e-03
