   0.0000000e+00
   1.2533323e-03
   2.4868989e-03
   3.6812455e-03
   4.8175367e-03
   5.8778525e-03
   6.8454711e-03
   7.7051324e-03
   8.4432793e-03
   9.0482705e-03
   9.5105652e-03
   9.8228725e-03
   9.9802673e-03
   9.9802673e-03
   9.8228725e-03
   9.5105652e-03
   9.0482705e-03
   8.4432793e-03
   7.7051324e-03
   6.8454711e-03
   5.8778525e-03
   4.8175367e-03
   3.6812455e-03
   2.4868989e-03
   1.2533323e-03
   1.2246468e-18
  -1.2533323e-03
  -2.4868989e-03
  -3.6812455e-03
  -4.8175367e-03
  -5.8778525e-03
  -6.8454711e-03
  -7.7051324e-03
  -8.4432793e-03
  -9.0482705e-03
  -9.5105652e-03
  -9.8228725e-03
  -9.9802673e-03
  -9.9802673e-03
  -9.8228725e-03
  -9.5105652e-03
  -9.0482705e-03
  -8.4432793e-03
  -7.7051324e-03
  -6.8454711e-03
  -5.8778525e-03
  -4.8175367e-03
  -3.6812455e-03
  -2.4868989e-03
  -1.2533323e-03
  -2.4492936e-18
   1.2533323e-03
   2.4868989e-03
   3.6812455e-03
   4.8175367e-03
   5.8778525e-03
   6.8454711e-03
   7.7051324e-03
   8.4432793e-03
   9.0482705e-03
   9.5105652e-03
   9.8228725e-03
   9.9802673e-03
   9.9802673e-03
   9.8228725e-03
   9.5105652e-03
   9.0482705e-03
   8.4432793e-03
   7.7051324e-03
   6.8454711e-03
   5.8778525e-03
   4.8175367e-03
   3.6812455e-03
   2.4868989e-03
   1.2533323e-03
   3.6739404e-18
  -1.2533323e-03
  -2.4868989e-03
  -3.6812455e-03
  -4.8175367e-03
  -5.8778525e-03
  -6.8454711e-03
  -7.7051324e-03
  -8.4432793e-03
  -9.0482705e-03
  -9.5105652e-03
  -9.8228725e-03
  -9.9802673e-03
  -9.9802673e-03
  -9.8228725e-03
  -9.5105652e-03
  -9.0482705e-03
  -8.4432793e-03
  -7.7051324e-03
  -6.8454711e-03
  -5.8778525e-03
  -4.8175367e-03
  -3.6812455e-03
  -2.4868989e-03
  -1.2533323e-03
  -4.8985872e-18
   1.2533323e-03
   2.4868989e-03
   3.6812455e-03
   4.8175367e-03
   5.8778525e-03
   6.8454711e-03
   7.7051324e-03
   8.4432793e-03
   9.0482705e-03
   9.5105652e-03
   9.8228725e-03
   9.9802673e-03
   9.9802673e-03
   9.8228725e-03
   9.5105652e-03
   9.0482705e-03
   8.4432793e-03
   7.7051324e-03
   6.8454711e-03
   5.8778525e-03
   4.8175367e-03
   3.6812455e-03
   2.4868989e-03
   1.2533323e-03
   6.1232340e-18
  -1.2533323e-03
  -2.4868989e-03
  -3.6812455e-03
  -4.8175367e-03
  -5.8778525e-03
  -6.8454711e-03
  -7.7051324e-03
  -8.4432793e-03
  -9.0482705e-03
  -9.5105652e-03
  -9.8228725e-03
  -9.9802673e-03
  -9.9802673e-03
  -9.8228725e-03
  -9.5105652e-03
  -9.0482705e-03
  -8.4432793e-03
  -7.7051324e-03
  -6.8454711e-03
  -5.8778525e-03
  -4.8175367e-03
  -3.6812455e-03
  -2.4868989e-03
  -1.2533323e-03
  -7.3478808e-18
   1.2533323e-03
   2.4868989e-03
   3.6812455e-03
   4.8175367e-03
   5.8778525e-03
   6.8454711e-03
   7.7051324e-03
   8.4432793e-03
   9.0482705e-03
   9.5105652e-03
   9.8228725e-03
   9.9802673e-03
   9.9802673e-03
   9.8228725e-03
   9.5105652e-03
   9.0482705e-03
   8.4432793e-03
   7.7051324e-03
   6.8454711e-03
   5.8778525e-03
   4.8175367e-03
   3.6812455e-03
   2.4868989e-03
   1.2533323e-03
   8.5725276e-18
  -1.2533323e-03
  -2.4868989e-03
  -3.6812455e-03
  -4.8175367e-03
  -5.8778525e-03
  -6.8454711e-03
  -7.7051324e-03
  -8.4432793e-03
  -9.0482705e-03
  -9.5105652e-03
  -9.8228725e-03
  -9.9802673e-03
  -9.9802673e-03
  -9.8228725e-03
  -9.5105652e-03
  -9.0482705e-03
  -8.4432793e-03
  -7.7051324e-03
  -6.8454711e-03
  -5.8778525e-03
  -4.8175367e-03
  -3.6812455e-03
  -2.4868989e-03
  -1.2533323e-03
  -9.7971744e-18
   1.2533323e-03
   2.4868989e-03
   3.6812455e-03
   4.8175367e-03
   5.8778525e-03
   6.8454711e-03
   7.7051324e-03
   8.4432793e-03
   9.0482705e-03
   9.5105652e-03
   9.8228725e-03
   9.9802673e-03
   9.9802673e-03
   9.8228725e-03
   9.5105652e-03
   9.0482705e-03
   8.4432793e-03
   7.7051324e-03
   6.8454711e-03
   5.8778525e-03
   4.8175367e-03
   3.6812455e-03
   2.4868989e-03
   1.2533323e-03
   1.1021821e-17
  -1.2533323e-03
  -2.4868989e-03
  -3.6812455e-03
  -4.8175367e-03
  -5.8778525e-03
  -6.8454711e-03
  -7.7051324e-03
  -8.4432793e-03
  -9.0482705e-03
  -9.5105652e-03
  -9.8228725e-03
  -9.9802673e-03
  -9.9802673e-03
  -9.8228725e-03
  -9.5105652e-03
  -9.0482705e-03
  -8.4432793e-03
  -7.7051324e-03
  -6.8454711e-03
  -5.8778525e-03
  -4.8175367e-03
  -3.6812455e-03
  -2.4868989e-03
  -1.2533323e-03
  -1.2246468e-17
   1.2533323e-03
   2.4868989e-03
   3.6812455e-03
   4.8175367e-03
   5.8778525e-03
   6.8454711e-03
   7.7051324e-03
   8.4432793e-03
   9.0482705e-03
   9.5105652e-03
   9.8228725e-03
   9.9802673e-03
   9.9802673e-03
   9.8228725e-03
   9.5105652e-03
   9.0482705e-03
   8.4432793e-03
   7.7051324e-03
   6.8454711e-03
   5.8778525e-03
   4.8175367e-03
   3.6812455e-03
   2.4868989e-03
   1.2533323e-03
  -2.2056022e-17
  -1.2533323e-03
  -2.4868989e-03
  -3.6812455e-03
  -4.8175367e-03
  -5.8778525e-03
  -6.8454711e-03
  -7.7051324e-03
  -8.4432793e-03
  -9.0482705e-03
  -9.5105652e-03
  -9.8228725e-03
  -9.9802673e-03
  -9.9802673e-03
  -9.8228725e-03
  -9.5105652e-03
  -9.0482705e-03
  -8.4432793e-03
  -7.7051324e-03
  -6.8454711e-03
  -5.8778525e-03
  -4.8175367e-03
  -3.6812455e-03
  -2.4868989e-03
  -1.2533323e-03
  -1.4695762e-17
   1.2533323e-03
   2.4868989e-03
   3.6812455e-03
   4.8175367e-03
   5.8778525e-03
   6.8454711e-03
   7.7051324e-03
   8.4432793e-03
   9.0482705e-03
   9.5105652e-03
   9.8228725e-03
   9.9802673e-03
   9.9802673e-03
   9.8228725e-03
   9.5105652e-03
   9.0482705e-03
   8.4432793e-03
   7.7051324e-03
   6.8454711e-03
   5.8778525e-03
   4.8175367e-03
   3.6812455e-03
   2.4868989e-03
   1.2533323e-03
   5.1447545e-17
  -1.2533323e-03
  -2.4868989e-03
  -3.6812455e-03
  -4.8175367e-03
  -5.8778525e-03
  -6.8454711e-03
  -7.7051324e-03
  -8.4432793e-03
  -9.0482705e-03
  -9.5105652e-03
  -9.8228725e-03
  -9.9802673e-03
  -9.9802673e-03
  -9.8228725e-03
  -9.5105652e-03
  -9.0482705e-03
  -8.4432793e-03
  -7.7051324e-03
  -6.8454711e-03
  -5.8778525e-03
  -4.8175367e-03
  -3.6812455e-03
  -2.4868989e-03
  -1.2533323e-03
  -1.7145055e-17
   1.2533323e-03
   2.4868989e-03
   3.6812455e-03
   4.8175367e-03
   5.8778525e-03
   6.8454711e-03
   7.7051324e-03
   8.4432793e-03
   9.0482705e-03
   9.5105652e-03
   9.8228725e-03
   9.9802673e-03
   9.9802673e-03
   9.8228725e-03
   9.5105652e-03
   9.0482705e-03
   8.4432793e-03
   7.7051324e-03
   6.8454711e-03
   5.8778525e-03
   4.8175367e-03
   3.6812455e-03
   2.4868989e-03
   1.2533323e-03
  -1.7157435e-17
  -1.2533323e-03
  -2.4868989e-03
  -3.6812455e-03
  -4.8175367e-03
  -5.8778525e-03
  -6.8454711e-03
  -7.7051324e-03
  -8.4432793e-03
  -9.0482705e-03
  -9.5105652e-03
  -9.8228725e-03
  -9.9802673e-03
  -9.9802673e-03
  -9.8228725e-03
  -9.5105652e-03
  -9.0482705e-03
  -8.4432793e-03
  -7.7051324e-03
  -6.8454711e-03
  -5.8778525e-03
  -4.8175367e-03
  -3.6812455e-03
  -2.4868989e-03
  -1.2533323e-03
  -1.9594349e-17
   1.2533323e-03
   2.4868989e-03
   3.6812455e-03
   4.8175367e-03
   5.8778525e-03
   6.8454711e-03
   7.7051324e-03
   8.4432793e-03
   9.0482705e-03
   9.5105652e-03
   9.8228725e-03
   9.9802673e-03
   9.9802673e-03
   9.8228725e-03
   9.5105652e-03
   9.0482705e-03
   8.4432793e-03
   7.7051324e-03
   6.8454711e-03
   5.8778525e-03
   4.8175367e-03
   3.6812455e-03
   2.4868989e-03
   1.2533323e-03
   5.6346132e-17
  -1.2533323e-03
  -2.4868989e-03
  -3.6812455e-03
  -4.8175367e-03
  -5.8778525e-03
  -6.8454711e-03
  -7.7051324e-03
  -8.4432793e-03
  -9.0482705e-03
  -9.5105652e-03
  -9.8228725e-03
  -9.9802673e-03
  -9.9802673e-03
  -9.8228725e-03
  -9.5105652e-03
  -9.0482705e-03
  -8.4432793e-03
  -7.7051324e-03
  -6.8454711e-03
  -5.8778525e-03
  -4.8175367e-03
  -3.6812455e-03
  -2.4868989e-03
  -1.2533323e-03
  -2.2043642e-17
   1.2533323e-03
   2.4868989e-03
   3.6812455e-03
   4.8175367e-03
   5.8778525e-03
   6.8454711e-03
   7.7051324e-03
   8.4432793e-03
   9.0482705e-03
   9.5105652e-03
   9.8228725e-03
   9.9802673e-03
   9.9802673e-03
   9.8228725e-03
   9.5105652e-03
   9.0482705e-03
   8.4432793e-03
   7.7051324e-03
   6.8454711e-03
   5.8778525e-03
   4.8175367e-03
   3.6812455e-03
   2.4868989e-03
   1.2533323e-03
  -1.2258848e-17
  -1.2533323e-03
  -2.4868989e-03
  -3.6812455e-03
  -4.8175367e-03
  -5.8778525e-03
  -6.8454711e-03
  -7.7051324e-03
  -8.4432793e-03
  -9.0482705e-03
  -9.5105652e-03
  -9.8228725e-03
  -9.9802673e-03
  -9.9802673e-03
  -9.8228725e-03
  -9.5105652e-03
  -9.0482705e-03
  -8.4432793e-03
  -7.7051324e-03
  -6.8454711e-03
  -5.8778525e-03
  -4.8175367e-03
  -3.6812455e-03
  -2.4868989e-03
  -1.2533323e-03
  -2.4492936e-17
   1.2533323e-03
   2.4868989e-03
   3.6812455e-03
   4.8175367e-03
   5.8778525e-03
   6.8454711e-03
   7.7051324e-03
   8.4432793e-03
   9.0482705e-03
   9.5105652e-03
   9.8228725e-03
   9.9802673e-03
   9.9802673e-03
   9.8228725e-03
   9.5105652e-03
   9.0482705e-03
   8.4432793e-03
   7.7051324e-03
   6.8454711e-03
   5.8778525e-03
   4.8175367e-03
   3.6812455e-03
   2.4868989e-03
   1.2533323e-03
  -9.8095540e-18
  -1.2533323e-03
  -2.4868989e-03
  -3.6812455e-03
  -4.8175367e-03
  -5.8778525e-03
  -6.8454711e-03
  -7.7051324e-03
  -8.4432793e-03
  -9.0482705e-03
  -9.5105652e-03
  -9.8228725e-03
  -9.9802673e-03
  -9.9802673e-03
  -9.8228725e-03
  -9.5105652e-03
  -9.0482705e-03
  -8.4432793e-03
  -7.7051324e-03
  -6.8454711e-03
  -5.8778525e-03
  -4.8175367e-03
  -3.6812455e-03
  -2.4868989e-03
  -1.2533323e-03
   4.4112044e-17
   1.2533323e-03
   2.4868989e-03
   3.6812455e-03
   4.8175367e-03
   5.8778525e-03
   6.8454711e-03
   7.7051324e-03
   8.4432793e-03
   9.0482705e-03
   9.5105652e-03
   9.8228725e-03
   9.9802673e-03
   9.9802673e-03
   9.8228725e-03
   9.5105652e-03
   9.0482705e-03
   8.4432793e-03
   7.7051324e-03
   6.8454711e-03
   5.8778525e-03
   4.8175367e-03
   3.6812455e-03
   2.4868989e-03
   1.2533323e-03
   6.3694013e-17
  -1.2533323e-03
  -2.4868989e-03
  -3.6812455e-03
  -4.8175367e-03
  -5.8778525e-03
  -6.8454711e-03
  -7.7051324e-03
  -8.4432793e-03
  -9.0482705e-03
  -9.5105652e-03
  -9.8228725e-03
  -9.9802673e-03
  -9.9802673e-03
  -9.8228725e-03
  -9.5105652e-03
  -9.0482705e-03
  -8.4432793e-03
  -7.7051324e-03
  -6.8454711e-03
  -5.8778525e-03
  -4.8175367e-03
  -3.6812455e-03
  -2.4868989e-03
  -1.2533323e-03
  -2.9391523e-17
   1.2533323e-03
   2.4868989e-03
   3.6812455e-03
   4.8175367e-03
   5.8778525e-03
   6.8454711e-03
   7.7051324e-03
   8.4432793e-03
   9.0482705e-03
   9.5105652e-03
   9.8228725e-03
   9.9802673e-03
   9.9802673e-03
   9.8228725e-03
   9.5105652e-03
   9.0482705e-03
   8.4432793e-03
   7.7051324e-03
   6.8454711e-03
   5.8778525e-03
   4.8175367e-03
   3.6812455e-03
   2.4868989e-03
   1.2533323e-03
  -4.9109668e-18
  -1.2533323e-03
  -2.4868989e-03
  -3.6812455e-03
  -4.8175367e-03
  -5.8778525e-03
  -6.8454711e-03
  -7.7051324e-03
  -8.4432793e-03
  -9.0482705e-03
  -9.5105652e-03
  -9.8228725e-03
  -9.9802673e-03
  -9.9802673e-03
  -9.8228725e-03
  -9.5105652e-03
  -9.0482705e-03
  -8.4432793e-03
  -7.7051324e-03
  -6.8454711e-03
  -5.8778525e-03
  -4.8175367e-03
  -3.6812455e-03
  -2.4868989e-03
  -1.2533323e-03
  -1.0289509e-16
   1.2533323e-03
   2.4868989e-03
   3.6812455e-03
   4.8175367e-03
   5.8778525e-03
   6.8454711e-03
   7.7051324e-03
   8.4432793e-03
   9.0482705e-03
   9.5105652e-03
   9.8228725e-03
   9.9802673e-03
   9.9802673e-03
   9.8228725e-03
   9.5105652e-03
   9.0482705e-03
   8.4432793e-03
   7.7051324e-03
   6.8454711e-03
   5.8778525e-03
   4.8175367e-03
   3.6812455e-03
   2.4868989e-03
   1.2533323e-03
  -7.3515947e-17
  -1.2533323e-03
  -2.4868989e-03
  -3.6812455e-03
  -4.8175367e-03
  -5.8778525e-03
  -6.8454711e-03
  -7.7051324e-03
  -8.4432793e-03
  -9.0482705e-03
  -9.5105652e-03
  -9.8228725e-03
  -9.9802673e-03
  -9.9802673e-03
  -9.8228725e-03
  -9.5105652e-03
  -9.0482705e-03
  -8.4432793e-03
  -7.7051324e-03
  -6.8454711e-03
  -5.8778525e-03
  -4.8175367e-03
  -3.6812455e-03
  -2.4868989e-03
  -1.2533323e-03
  -3.4290110e-17
   1.2533323e-03
   2.4868989e-03
   3.6812455e-03
   4.8175367e-03
   5.8778525e-03
   6.8454711e-03
   7.7051324e-03
   8.4432793e-03
   9.0482705e-03
   9.5105652e-03
   9.8228725e-03
   9.9802673e-03
   9.9802673e-03
   9.8228725e-03
   9.5105652e-03
   9.0482705e-03
   8.4432793e-03
   7.7051324e-03
   6.8454711e-03
   5.8778525e-03
   4.8175367e-03
   3.6812455e-03
   2.4868989e-03
   1.2533323e-03
  -1.2379613e-20
  -1.2533323e-03
  -2.4868989e-03
  -3.6812455e-03
  -4.8175367e-03
  -5.8778525e-03
  -6.8454711e-03
  -7.7051324e-03
  -8.4432793e-03
  -9.0482705e-03
  -9.5105652e-03
  -9.8228725e-03
  -9.9802673e-03
  -9.9802673e-03
  -9.8228725e-03
  -9.5105652e-03
  -9.0482705e-03
  -8.4432793e-03
  -7.7051324e-03
  -6.8454711e-03
  -5.8778525e-03
  -4.8175367e-03
  -3.6812455e-03
  -2.4868989e-03
  -1.2533323e-03
   3.4314870e-17
   1.2533323e-03
   2.4868989e-03
   3.6812455e-03
   4.8175367e-03
   5.8778525e-03
   6.8454711e-03
   7.7051324e-03
   8.4432793e-03
   9.0482705e-03
   9.5105652e-03
   9.8228725e-03
   9.9802673e-03
   9.9802673e-03
   9.8228725e-03
   9.5105652e-03
   9.0482705e-03
   8.4432793e-03
   7.7051324e-03
   6.8454711e-03
   5.8778525e-03
   4.8175367e-03
   3.6812455e-03
   2.4868989e-03
   1.2533323e-03
  -6.8617360e-17
  -1.2533323e-03
  -2.4868989e-03
  -3.6812455e-03
  -4.8175367e-03
  -5.8778525e-03
  -6.8454711e-03
  -7.7051324e-03
  -8.4432793e-03
  -9.0482705e-03
  -9.5105652e-03
  -9.8228725e-03
  -9.9802673e-03
  -9.9802673e-03
  -9.8228725e-03
  -9.5105652e-03
  -9.0482705e-03
  -8.4432793e-03
  -7.7051324e-03
  -6.8454711e-03
  -5.8778525e-03
  -4.8175367e-03
  -3.6812455e-03
  -2.4868989e-03
  -1.2533323e-03
  -3.9188698e-17
   1.2533323e-03
   2.4868989e-03
   3.6812455e-03
   4.8175367e-03
   5.8778525e-03
   6.8454711e-03
   7.7051324e-03
   8.4432793e-03
   9.0482705e-03
   9.5105652e-03
   9.8228725e-03
   9.9802673e-03
   9.9802673e-03
   9.8228725e-03
   9.5105652e-03
   9.0482705e-03
   8.4432793e-03
   7.7051324e-03
   6.8454711e-03
   5.8778525e-03
   4.8175367e-03
   3.6812455e-03
   2.4868989e-03
   1.2533323e-03
   4.8862076e-18
  -1.2533323e-03
  -2.4868989e-03
  -3.6812455e-03
  -4.8175367e-03
  -5.8778525e-03
  -6.8454711e-03
  -7.7051324e-03
  -8.4432793e-03
  -9.0482705e-03
  -9.5105652e-03
  -9.8228725e-03
  -9.9802673e-03
  -9.9802673e-03
  -9.8228725e-03
  -9.5105652e-03
  -9.0482705e-03
  -8.4432793e-03
  -7.7051324e-03
  -6.8454711e-03
  -5.8778525e-03
  -4.8175367e-03
  -3.6812455e-03
  -2.4868989e-03
  -1.2533323e-03
  -1.1269226e-16
   1.2533323e-03
   2.4868989e-03
   3.6812455e-03
   4.8175367e-03
   5.8778525e-03
   6.8454711e-03
   7.7051324e-03
   8.4432793e-03
   9.0482705e-03
   9.5105652e-03
   9.8228725e-03
   9.9802673e-03
   9.9802673e-03
   9.8228725e-03
   9.5105652e-03
   9.0482705e-03
   8.4432793e-03
   7.7051324e-03
   6.8454711e-03
   5.8778525e-03
   4.8175367e-03
   3.6812455e-03
   2.4868989e-03
   1.2533323e-03
   7.8389775e-17
  -1.2533323e-03
  -2.4868989e-03
  -3.6812455e-03
  -4.8175367e-03
  -5.8778525e-03
  -6.8454711e-03
  -7.7051324e-03
  -8.4432793e-03
  -9.0482705e-03
  -9.5105652e-03
  -9.8228725e-03
  -9.9802673e-03
  -9.9802673e-03
  -9.8228725e-03
  -9.5105652e-03
  -9.0482705e-03
  -8.4432793e-03
  -7.7051324e-03
  -6.8454711e-03
  -5.8778525e-03
  -4.8175367e-03
  -3.6812455e-03
  -2.4868989e-03
  -1.2533323e-03
  -4.4087285e-17
   1.2533323e-03
   2.4868989e-03
   3.6812455e-03
   4.8175367e-03
   5.8778525e-03
   6.8454711e-03
   7.7051324e-03
   8.4432793e-03
   9.0482705e-03
   9.5105652e-03
   9.8228725e-03
   9.9802673e-03
   9.9802673e-03
   9.8228725e-03
   9.5105652e-03
   9.0482705e-03
   8.4432793e-03
   7.7051324e-03
   6.8454711e-03
   5.8778525e-03
   4.8175367e-03
   3.6812455e-03
   2.4868989e-03
   1.2533323e-03
   9.7847948e-18
  -1.2533323e-03
  -2.4868989e-03
  -3.6812455e-03
  -4.8175367e-03
  -5.8778525e-03
  -6.8454711e-03
  -7.7051324e-03
  -8.4432793e-03
  -9.0482705e-03
  -9.5105652e-03
  -9.8228725e-03
  -9.9802673e-03
  -9.9802673e-03
  -9.8228725e-03
  -9.5105652e-03
  -9.0482705e-03
  -8.4432793e-03
  -7.7051324e-03
  -6.8454711e-03
  -5.8778525e-03
  -4.8175367e-03
  -3.6812455e-03
  -2.4868989e-03
  -1.2533323e-03
   2.4517695e-17
   1.2533323e-03
   2.4868989e-03
   3.6812455e-03
   4.8175367e-03
   5.8778525e-03
   6.8454711e-03
   7.7051324e-03
   8.4432793e-03
   9.0482705e-03
   9.5105652e-03
   9.8228725e-03
   9.9802673e-03
   9.9802673e-03
   9.8228725e-03
   9.5105652e-03
   9.0482705e-03
   8.4432793e-03
   7.7051324e-03
   6.8454711e-03
   5.8778525e-03
   4.8175367e-03
   3.6812455e-03
   2.4868989e-03
   1.2533323e-03
  -5.8820185e-17
  -1.2533323e-03
  -2.4868989e-03
  -3.6812455e-03
  -4.8175367e-03
  -5.8778525e-03
  -6.8454711e-03
  -7.7051324e-03
  -8.4432793e-03
  -9.0482705e-03
  -9.5105652e-03
  -9.8228725e-03
  -9.9802673e-03
  -9.9802673e-03
  -9.8228725e-03
  -9.5105652e-03
  -9.0482705e-03
  -8.4432793e-03
  -7.7051324e-03
  -6.8454711e-03
  -5.8778525e-03
  -4.8175367e-03
  -3.6812455e-03
  -2.4868989e-03
  -1.2533323e-03
   0.0000000e+00
   1.2533323e-03
   2.4868989e-03
   3.6812455e-03
   4.8175367e-03
   5.8778525e-03
   6.8454711e-03
   7.7051324e-03
   8.4432793e-03
   9.0482705e-03
   9.5105652e-03
   9.8228725e-03
   9.9802673e-03
   9.9802673e-03
   9.8228725e-03
   9.5105652e-03
   9.0482705e-03
   8.4432793e-03
   7.7051324e-03
   6.8454711e-03
   5.8778525e-03
   4.8175367e-03
   3.6812455e-03
   2.4868989e-03
   1.2533323e-03
   1.2246468e-18
  -1.2533323e-03
  -2.4868989e-03
  -3.6812455e-03
  -4.8175367e-03
  -5.8778525e-03
  -6.8454711e-03
  -7.7051324e-03
  -8.4432793e-03
  -9.0482705e-03
  -9.5105652e-03
  -9.8228725e-03
  -9.9802673e-03
  -9.9802673e-03
  -9.8228725e-03
  -9.5105652e-03
  -9.0482705e-03
  -8.4432793e-03
  -7.7051324e-03
  -6.8454711e-03
  -5.8778525e-03
  -4.8175367e-03
  -3.6812455e-03
  -2.4868989e-03
  -1.2533323e-03
  -2.4492936e-18
   1.2533323e-03
   2.4868989e-03
   3.6812455e-03
   4.8175367e-03
   5.8778525e-03
   6.8454711e-03
   7.7051324e-03
   8.4432793e-03
   9.0482705e-03
   9.5105652e-03
   9.8228725e-03
   9.9802673e-03
   9.9802673e-03
   9.8228725e-03
   9.5105652e-03
   9.0482705e-03
   8.4432793e-03
   7.7051324e-03
   6.8454711e-03
   5.8778525e-03
   4.8175367e-03
   3.6812455e-03
   2.4868989e-03
   1.2533323e-03
   3.6739404e-18
  -1.2533323e-03
  -2.4868989e-03
  -3.6812455e-03
  -4.8175367e-03
  -5.8778525e-03
  -6.8454711e-03
  -7.7051324e-03
  -8.4432793e-03
  -9.0482705e-03
  -9.5105652e-03
  -9.8228725e-03
  -9.9802673e-03
  -9.9802673e-03
  -9.8228725e-03
  -9.5105652e-03
  -9.0482705e-03
  -8.4432793e-03
  -7.7051324e-03
  -6.8454711e-03
  -5.8778525e-03
  -4.8175367e-03
  -3.6812455e-03
  -2.4868989e-03
  -1.2533323e-03
  -4.8985872e-18
   1.2533323e-03
   2.4868989e-03
   3.6812455e-03
   4.8175367e-03
   5.8778525e-03
   6.8454711e-03
   7.7051324e-03
   8.4432793e-03
   9.0482705e-03
   9.5105652e-03
   9.8228725e-03
   9.9802673e-03
   9.9802673e-03
   9.8228725e-03
   9.5105652e-03
   9.0482705e-03
   8.4432793e-03
   7.7051324e-03
   6.8454711e-03
   5.8778525e-03
   4.8175367e-03
   3.6812455e-03
   2.4868989e-03
   1.2533323e-03
   6.1232340e-18
  -1.2533323e-03
  -2.4868989e-03
  -3.6812455e-03
  -4.8175367e-03
  -5.8778525e-03
  -6.8454711e-03
  -7.7051324e-03
  -8.4432793e-03
  -9.0482705e-03
  -9.5105652e-03
  -9.8228725e-03
  -9.9802673e-03
  -9.9802673e-03
  -9.8228725e-03
  -9.5105652e-03
  -9.0482705e-03
  -8.4432793e-03
  -7.7051324e-03
  -6.8454711e-03
  -5.8778525e-03
  -4.8175367e-03
  -3.6812455e-03
  -2.4868989e-03
  -1.2533323e-03
  -7.3478808e-18
   1.2533323e-03
   2.4868989e-03
   3.6812455e-03
   4.8175367e-03
   5.8778525e-03
   6.8454711e-03
   7.7051324e-03
   8.4432793e-03
   9.0482705e-03
   9.5105652e-03
   9.8228725e-03
   9.9802673e-03
   9.9802673e-03
   9.8228725e-03
   9.5105652e-03
   9.0482705e-03
   8.4432793e-03
   7.7051324e-03
   6.8454711e-03
   5.8778525e-03
   4.8175367e-03
   3.6812455e-03
   2.4868989e-03
   1.2533323e-03
   8.5725276e-18
  -1.2533323e-03
  -2.4868989e-03
  -3.6812455e-03
  -4.8175367e-03
  -5.8778525e-03
  -6.8454711e-03
  -7.7051324e-03
  -8.4432793e-03
  -9.0482705e-03
  -9.5105652e-03
  -9.8228725e-03
  -9.9802673e-03
  -9.9802673e-03
  -9.8228725e-03
  -9.5105652e-03
  -9.0482705e-03
  -8.4432793e-03
  -7.7051324e-03
  -6.8454711e-03
  -5.8778525e-03
  -4.8175367e-03
  -3.6812455e-03
  -2.4868989e-03
  -1.2533323e-03
  -9.7971744e-18
   1.2533323e-03
   2.4868989e-03
   3.6812455e-03
   4.8175367e-03
   5.8778525e-03
   6.8454711e-03
   7.7051324e-03
   8.4432793e-03
   9.0482705e-03
   9.5105652e-03
   9.8228725e-03
   9.9802673e-03
   9.9802673e-03
   9.8228725e-03
   9.5105652e-03
   9.0482705e-03
   8.4432793e-03
   7.7051324e-03
   6.8454711e-03
   5.8778525e-03
   4.8175367e-03
   3.6812455e-03
   2.4868989e-03
   1.2533323e-03
   1.1021821e-17
  -1.2533323e-03
  -2.4868989e-03
  -3.6812455e-03
  -4.8175367e-03
  -5.8778525e-03
  -6.8454711e-03
  -7.7051324e-03
  -8.4432793e-03
  -9.0482705e-03
  -9.5105652e-03
  -9.8228725e-03
  -9.9802673e-03
  -9.9802673e-03
  -9.8228725e-03
  -9.5105652e-03
  -9.0482705e-03
  -8.4432793e-03
  -7.7051324e-03
  -6.8454711e-03
  -5.8778525e-03
  -4.8175367e-03
  -3.6812455e-03
  -2.4868989e-03
  -1.2533323e-03
  -1.2246468e-17
   1.2533323e-03
   2.4868989e-03
   3.6812455e-03
   4.8175367e-03
   5.8778525e-03
   6.8454711e-03
   7.7051324e-03
   8.4432793e-03
   9.0482705e-03
   9.5105652e-03
   9.8228725e-03
   9.9802673e-03
   9.9802673e-03
   9.8228725e-03
   9.5105652e-03
   9.0482705e-03
   8.4432793e-03
   7.7051324e-03
   6.8454711e-03
   5.8778525e-03
   4.8175367e-03
   3.6812455e-03
   2.4868989e-03
   1.2533323e-03
  -2.2056022e-17
  -1.2533323e-03
  -2.4868989e-03
  -3.6812455e-03
  -4.8175367e-03
  -5.8778525e-03
  -6.8454711e-03
  -7.7051324e-03
  -8.4432793e-03
  -9.0482705e-03
  -9.5105652e-03
  -9.8228725e-03
  -9.9802673e-03
  -9.9802673e-03
  -9.8228725e-03
  -9.5105652e-03
  -9.0482705e-03
  -8.4432793e-03
  -7.7051324e-03
  -6.8454711e-03
  -5.8778525e-03
  -4.8175367e-03
  -3.6812455e-03
  -2.4868989e-03
  -1.2533323e-03
  -1.4695762e-17
   1.2533323e-03
   2.4868989e-03
   3.6812455e-03
   4.8175367e-03
   5.8778525e-03
   6.8454711e-03
   7.7051324e-03
   8.4432793e-03
   9.0482705e-03
   9.5105652e-03
   9.8228725e-03
   9.9802673e-03
   9.9802673e-03
   9.8228725e-03
   9.5105652e-03
   9.0482705e-03
   8.4432793e-03
   7.7051324e-03
   6.8454711e-03
   5.8778525e-03
   4.8175367e-03
   3.6812455e-03
   2.4868989e-03
   1.2533323e-03
   5.1447545e-17
  -1.2533323e-03
  -2.4868989e-03
  -3.6812455e-03
  -4.8175367e-03
  -5.8778525e-03
  -6.8454711e-03
  -7.7051324e-03
  -8.4432793e-03
  -9.0482705e-03
  -9.5105652e-03
  -9.8228725e-03
  -9.9802673e-03
  -9.9802673e-03
  -9.8228725e-03
  -9.5105652e-03
  -9.0482705e-03
  -8.4432793e-03
  -7.7051324e-03
  -6.8454711e-03
  -5.8778525e-03
  -4.8175367e-03
  -3.6812455e-03
  -2.4868989e-03
  -1.2533323e-03
  -1.7145055e-17
   1.2533323e-03
   2.4868989e-03
   3.6812455e-03
   4.8175367e-03
   5.8778525e-03
   6.8454711e-03
   7.7051324e-03
   8.4432793e-03
   9.0482705e-03
   9.5105652e-03
   9.8228725e-03
   9.9802673e-03
   9.9802673e-03
   9.8228725e-03
   9.5105652e-03
   9.0482705e-03
   8.4432793e-03
   7.7051324e-03
   6.8454711e-03
   5.8778525e-03
   4.8175367e-03
   3.6812455e-03
   2.4868989e-03
   1.2533323e-03
  -1.7157435e-17
  -1.2533323e-03
  -2.4868989e-03
  -3.6812455e-03
  -4.8175367e-03
  -5.8778525e-03
  -6.8454711e-03
  -7.7051324e-03
  -8.4432793e-03
  -9.0482705e-03
  -9.5105652e-03
  -9.8228725e-03
  -9.9802673e-03
  -9.9802673e-03
  -9.8228725e-03
  -9.5105652e-03
  -9.0482705e-03
  -8.4432793e-03
  -7.7051324e-03
  -6.8454711e-03
  -5.8778525e-03
  -4.8175367e-03
  -3.6812455e-03
  -2.4868989e-03
  -1.2533323e-03
  -1.9594349e-17
   1.2533323e-03
   2.4868989e-03
   3.6812455e-03
   4.8175367e-03
   5.8778525e-03
   6.8454711e-03
   7.7051324e-03
   8.4432793e-03
   9.0482705e-03
   9.5105652e-03
   9.8228725e-03
   9.9802673e-03
   9.9802673e-03
   9.8228725e-03
   9.5105652e-03
   9.0482705e-03
   8.4432793e-03
   7.7051324e-03
   6.8454711e-03
   5.8778525e-03
   4.8175367e-03
   3.6812455e-03
   2.4868989e-03
   1.2533323e-03
   5.6346132e-17
  -1.2533323e-03
  -2.4868989e-03
  -3.6812455e-03
  -4.8175367e-03
  -5.8778525e-03
  -6.8454711e-03
  -7.7051324e-03
  -8.4432793e-03
  -9.0482705e-03
  -9.5105652e-03
  -9.8228725e-03
  -9.9802673e-03
  -9.9802673e-03
  -9.8228725e-03
  -9.5105652e-03
  -9.0482705e-03
  -8.4432793e-03
  -7.7051324e-03
  -6.8454711e-03
  -5.8778525e-03
  -4.8175367e-03
  -3.6812455e-03
  -2.4868989e-03
  -1.2533323e-03
  -2.2043642e-17
   1.2533323e-03
   2.4868989e-03
   3.6812455e-03
   4.8175367e-03
   5.8778525e-03
   6.8454711e-03
   7.7051324e-03
   8.4432793e-03
   9.0482705e-03
   9.5105652e-03
   9.8228725e-03
   9.9802673e-03
   9.9802673e-03
   9.8228725e-03
   9.5105652e-03
   9.0482705e-03
   8.4432793e-03
   7.7051324e-03
   6.8454711e-03
   5.8778525e-03
   4.8175367e-03
   3.6812455e-03
   2.4868989e-03
   1.2533323e-03
  -1.2258848e-17
  -1.2533323e-03
  -2.4868989e-03
  -3.6812455e-03
  -4.8175367e-03
  -5.8778525e-03
  -6.8454711e-03
  -7.7051324e-03
  -8.4432793e-03
  -9.0482705e-03
  -9.5105652e-03
  -9.8228725e-03
  -9.9802673e-03
  -9.9802673e-03
  -9.8228725e-03
  -9.5105652e-03
  -9.0482705e-03
  -8.4432793e-03
  -7.7051324e-03
  -6.8454711e-03
  -5.8778525e-03
  -4.8175367e-03
  -3.6812455e-03
  -2.4868989e-03
  -1.2533323e-03
  -2.4492936e-17
   1.2533323e-03
   2.4868989e-03
   3.6812455e-03
   4.8175367e-03
   5.8778525e-03
   6.8454711e-03
   7.7051324e-03
   8.4432793e-03
   9.0482705e-03
   9.5105652e-03
   9.8228725e-03
   9.9802673e-03
   9.9802673e-03
   9.8228725e-03
   9.5105652e-03
   9.0482705e-03
   8.4432793e-03
   7.7051324e-03
   6.8454711e-03
   5.8778525e-03
   4.8175367e-03
   3.6812455e-03
   2.4868989e-03
   1.2533323e-03
  -9.8095540e-18
  -1.2533323e-03
  -2.4868989e-03
  -3.6812455e-03
  -4.8175367e-03
  -5.8778525e-03
  -6.8454711e-03
  -7.7051324e-03
  -8.4432793e-03
  -9.0482705e-03
  -9.5105652e-03
  -9.8228725e-03
  -9.9802673e-03
  -9.9802673e-03
  -9.8228725e-03
  -9.5105652e-03
  -9.0482705e-03
  -8.4432793e-03
  -7.7051324e-03
  -6.8454711e-03
  -5.8778525e-03
  -4.8175367e-03
  -3.6812455e-03
  -2.4868989e-03
  -1.2533323e-03
   4.4112044e-17
   1.2533323e-03
   2.4868989e-03
   3.6812455e-03
   4.8175367e-03
   5.8778525e-03
   6.8454711e-03
   7.7051324e-03
   8.4432793e-03
   9.0482705e-03
   9.5105652e-03
   9.8228725e-03
   9.9802673e-03
   9.9802673e-03
   9.8228725e-03
   9.5105652e-03
   9.0482705e-03
   8.4432793e-03
   7.7051324e-03
   6.8454711e-03
   5.8778525e-03
   4.8175367e-03
   3.6812455e-03
   2.4868989e-03
   1.2533323e-03
   6.3694013e-17
  -1.2533323e-03
  -2.4868989e-03
  -3.6812455e-03
  -4.8175367e-03
  -5.8778525e-03
  -6.8454711e-03
  -7.7051324e-03
  -8.4432793e-03
  -9.0482705e-03
  -9.5105652e-03
  -9.8228725e-03
  -9.9802673e-03
  -9.9802673e-03
  -9.8228725e-03
  -9.5105652e-03
  -9.0482705e-03
  -8.4432793e-03
  -7.7051324e-03
  -6.8454711e-03
  -5.8778525e-03
  -4.8175367e-03
  -3.6812455e-03
  -2.4868989e-03
  -1.2533323e-03
  -2.9391523e-17
   1.2533323e-03
   2.4868989e-03
   3.6812455e-03
   4.8175367e-03
   5.8778525e-03
   6.8454711e-03
   7.7051324e-03
   8.4432793e-03
   9.0482705e-03
   9.5105652e-03
   9.8228725e-03
   9.9802673e-03
   9.9802673e-03
   9.8228725e-03
   9.5105652e-03
   9.0482705e-03
   8.4432793e-03
   7.7051324e-03
   6.8454711e-03
   5.8778525e-03
   4.8175367e-03
   3.6812455e-03
   2.4868989e-03
   1.2533323e-03
  -4.9109668e-18
  -1.2533323e-03
  -2.4868989e-03
  -3.6812455e-03
  -4.8175367e-03
  -5.8778525e-03
  -6.8454711e-03
  -7.7051324e-03
  -8.4432793e-03
  -9.0482705e-03
  -9.5105652e-03
  -9.8228725e-03
  -9.9802673e-03
  -9.9802673e-03
  -9.8228725e-03
  -9.5105652e-03
  -9.0482705e-03
  -8.4432793e-03
  -7.7051324e-03
  -6.8454711e-03
  -5.8778525e-03
  -4.8175367e-03
  -3.6812455e-03
  -2.4868989e-03
  -1.2533323e-03
  -1.0289509e-16
   1.2533323e-03
   2.4868989e-03
   3.6812455e-03
   4.8175367e-03
   5.8778525e-03
   6.8454711e-03
   7.7051324e-03
   8.4432793e-03
   9.0482705e-03
   9.5105652e-03
   9.8228725e-03
   9.9802673e-03
   9.9802673e-03
   9.8228725e-03
   9.5105652e-03
   9.0482705e-03
   8.4432793e-03
   7.7051324e-03
   6.8454711e-03
   5.8778525e-03
   4.8175367e-03
   3.6812455e-03
   2.4868989e-03
   1.2533323e-03
  -7.3515947e-17
  -1.2533323e-03
  -2.4868989e-03
  -3.6812455e-03
  -4.8175367e-03
  -5.8778525e-03
  -6.8454711e-03
  -7.7051324e-03
  -8.4432793e-03
  -9.0482705e-03
  -9.5105652e-03
  -9.8228725e-03
  -9.9802673e-03
  -9.9802673e-03
  -9.8228725e-03
  -9.5105652e-03
  -9.0482705e-03
  -8.4432793e-03
  -7.7051324e-03
  -6.8454711e-03
  -5.8778525e-03
  -4.8175367e-03
  -3.6812455e-03
  -2.4868989e-03
  -1.2533323e-03
  -3.4290110e-17
   1.2533323e-03
   2.4868989e-03
   3.6812455e-03
   4.8175367e-03
   5.8778525e-03
   6.8454711e-03
   7.7051324e-03
   8.4432793e-03
   9.0482705e-03
   9.5105652e-03
   9.8228725e-03
   9.9802673e-03
   9.9802673e-03
   9.8228725e-03
   9.5105652e-03
   9.0482705e-03
   8.4432793e-03
   7.7051324e-03
   6.8454711e-03
   5.8778525e-03
   4.8175367e-03
   3.6812455e-03
   2.4868989e-03
   1.2533323e-03
  -1.2379613e-20
  -1.2533323e-03
  -2.4868989e-03
  -3.6812455e-03
  -4.8175367e-03
  -5.8778525e-03
  -6.8454711e-03
  -7.7051324e-03
  -8.4432793e-03
  -9.0482705e-03
  -9.5105652e-03
  -9.8228725e-03
  -9.9802673e-03
  -9.9802673e-03
  -9.8228725e-03
  -9.5105652e-03
  -9.0482705e-03
  -8.4432793e-03
  -7.7051324e-03
  -6.8454711e-03
  -5.8778525e-03
  -4.8175367e-03
  -3.6812455e-03
  -2.4868989e-03
  -1.2533323e-03
   3.4314870e-17
   1.2533323e-03
   2.4868989e-03
   3.6812455e-03
   4.8175367e-03
   5.8778525e-03
   6.8454711e-03
   7.7051324e-03
   8.4432793e-03
   9.0482705e-03
   9.5105652e-03
   9.8228725e-03
   9.9802673e-03
   9.9802673e-03
   9.8228725e-03
   9.5105652e-03
   9.0482705e-03
   8.4432793e-03
   7.7051324e-03
   6.8454711e-03
   5.8778525e-03
   4.8175367e-03
   3.6812455e-03
   2.4868989e-03
   1.2533323e-03
  -6.8617360e-17
  -1.2533323e-03
  -2.4868989e-03
  -3.6812455e-03
  -4.8175367e-03
  -5.8778525e-03
  -6.8454711e-03
  -7.7051324e-03
  -8.4432793e-03
  -9.0482705e-03
  -9.5105652e-03
  -9.8228725e-03
  -9.9802673e-03
  -9.9802673e-03
  -9.8228725e-03
  -9.5105652e-03
  -9.0482705e-03
  -8.4432793e-03
  -7.7051324e-03
  -6.8454711e-03
  -5.8778525e-03
  -4.8175367e-03
  -3.6812455e-03
  -2.4868989e-03
  -1.2533323e-03
  -3.9188698e-17
   1.2533323e-03
   2.4868989e-03
   3.6812455e-03
   4.8175367e-03
   5.8778525e-03
   6.8454711e-03
   7.7051324e-03
   8.4432793e-03
   9.0482705e-03
   9.5105652e-03
   9.8228725e-03
   9.9802673e-03
   9.9802673e-03
   9.8228725e-03
   9.5105652e-03
   9.0482705e-03
   8.4432793e-03
   7.7051324e-03
   6.8454711e-03
   5.8778525e-03
   4.8175367e-03
   3.6812455e-03
   2.4868989e-03
   1.2533323e-03
   4.8862076e-18
  -1.2533323e-03
  -2.4868989e-03
  -3.6812455e-03
  -4.8175367e-03
  -5.8778525e-03
  -6.8454711e-03
  -7.7051324e-03
  -8.4432793e-03
  -9.0482705e-03
  -9.5105652e-03
  -9.8228725e-03
  -9.9802673e-03
  -9.9802673e-03
  -9.8228725e-03
  -9.5105652e-03
  -9.0482705e-03
  -8.4432793e-03
  -7.7051324e-03
  -6.8454711e-03
  -5.8778525e-03
  -4.8175367e-03
  -3.6812455e-03
  -2.4868989e-03
  -1.2533323e-03
  -1.1269226e-16
   1.2533323e-03
   2.4868989e-03
   3.6812455e-03
   4.8175367e-03
   5.8778525e-03
   6.8454711e-03
   7.7051324e-03
   8.4432793e-03
   9.0482705e-03
   9.5105652e-03
   9.8228725e-03
   9.9802673e-03
   9.9802673e-03
   9.8228725e-03
   9.5105652e-03
   9.0482705e-03
   8.4432793e-03
   7.7051324e-03
   6.8454711e-03
   5.8778525e-03
   4.8175367e-03
   3.6812455e-03
   2.4868989e-03
   1.2533323e-03
   7.8389775e-17
  -1.2533323e-03
  -2.4868989e-03
  -3.6812455e-03
  -4.8175367e-03
  -5.8778525e-03
  -6.8454711e-03
  -7.7051324e-03
  -8.4432793e-03
  -9.0482705e-03
  -9.5105652e-03
  -9.8228725e-03
  -9.9802673e-03
  -9.9802673e-03
  -9.8228725e-03
  -9.5105652e-03
  -9.0482705e-03
  -8.4432793e-03
  -7.7051324e-03
  -6.8454711e-03
  -5.8778525e-03
  -4.8175367e-03
  -3.6812455e-03
  -2.4868989e-03
  -1.2533323e-03
  -4.4087285e-17
   1.2533323e-03
   2.4868989e-03
   3.6812455e-03
   4.8175367e-03
   5.8778525e-03
   6.8454711e-03
   7.7051324e-03
   8.4432793e-03
   9.0482705e-03
   9.5105652e-03
   9.8228725e-03
   9.9802673e-03
   9.9802673e-03
   9.8228725e-03
   9.5105652e-03
   9.0482705e-03
   8.4432793e-03
   7.7051324e-03
   6.8454711e-03
   5.8778525e-03
   4.8175367e-03
   3.6812455e-03
   2.4868989e-03
   1.2533323e-03
   9.7847948e-18
  -1.2533323e-03
  -2.4868989e-03
  -3.6812455e-03
  -4.8175367e-03
  -5.8778525e-03
  -6.8454711e-03
  -7.7051324e-03
  -8.4432793e-03
  -9.0482705e-03
  -9.5105652e-03
  -9.8228725e-03
  -9.9802673e-03
  -9.9802673e-03
  -9.8228725e-03
  -9.5105652e-03
  -9.0482705e-03
  -8.4432793e-03
  -7.7051324e-03
  -6.8454711e-03
  -5.8778525e-03
  -4.8175367e-03
  -3.6812455e-03
  -2.4868989e-03
  -1.2533323e-03
   2.4517695e-17
   1.2533323e-03
   2.4868989e-03
   3.6812455e-03
   4.8175367e-03
   5.8778525e-03
   6.8454711e-03
   7.7051324e-03
   8.4432793e-03
   9.0482705e-03
   9.5105652e-03
   9.8228725e-03
   9.9802673e-03
   9.9802673e-03
   9.8228725e-03
   9.5105652e-03
   9.0482705e-03
   8.4432793e-03
   7.7051324e-03
   6.8454711e-03
   5.8778525e-03
   4.8175367e-03
   3.6812455e-03
   2.4868989e-03
   1.2533323e-03
  -5.8820185e-17
  -1.2533323e-03
  -2.4868989e-03
  -3.6812455e-03
  -4.8175367e-03
  -5.8778525e-03
  -6.8454711e-03
  -7.7051324e-03
  -8.4432793e-03
  -9.0482705e-03
  -9.5105652e-03
  -9.8228725e-03
  -9.9802673e-03
  -9.9802673e-03
  -9.8228725e-03
  -9.5105652e-03
  -9.0482705e-03
  -8.4432793e-03
  -7.7051324e-03
  -6.8454711e-03
  -5.8778525e-03
  -4.8175367e-03
  -3.6812455e-03
  -2.4868989e-03
  -1.2533323e-03
   0.0000000e+00
   1.2533323e-03
   2.4868989e-03
   3.6812455e-03
   4.8175367e-03
   5.8778525e-03
   6.8454711e-03
   7.7051324e-03
   8.4432793e-03
   9.0482705e-03
   9.5105652e-03
   9.8228725e-03
   9.9802673e-03
   9.9802673e-03
   9.8228725e-03
   9.5105652e-03
   9.0482705e-03
   8.4432793e-03
   7.7051324e-03
   6.8454711e-03
   5.8778525e-03
   4.8175367e-03
   3.6812455e-03
   2.4868989e-03
   1.2533323e-03
   1.2246468e-18
  -1.2533323e-03
  -2.4868989e-03
  -3.6812455e-03
  -4.8175367e-03
  -5.8778525e-03
  -6.8454711e-03
  -7.7051324e-03
  -8.4432793e-03
  -9.0482705e-03
  -9.5105652e-03
  -9.8228725e-03
  -9.9802673e-03
  -9.9802673e-03
  -9.8228725e-03
  -9.5105652e-03
  -9.0482705e-03
  -8.4432793e-03
  -7.7051324e-03
  -6.8454711e-03
  -5.8778525e-03
  -4.8175367e-03
  -3.6812455e-03
  -2.4868989e-03
  -1.2533323e-03
  -2.4492936e-18
   1.2533323e-03
   2.4868989e-03
   3.6812455e-03
   4.8175367e-03
   5.8778525e-03
   6.8454711e-03
   7.7051324e-03
   8.4432793e-03
   9.0482705e-03
   9.5105652e-03
   9.8228725e-03
   9.9802673e-03
   9.9802673e-03
   9.8228725e-03
   9.5105652e-03
   9.0482705e-03
   8.4432793e-03
   7.7051324e-03
   6.8454711e-03
   5.8778525e-03
   4.8175367e-03
   3.6812455e-03
   2.4868989e-03
   1.2533323e-03
   3.6739404e-18
  -1.2533323e-03
  -2.4868989e-03
  -3.6812455e-03
  -4.8175367e-03
  -5.8778525e-03
  -6.8454711e-03
  -7.7051324e-03
  -8.4432793e-03
  -9.0482705e-03
  -9.5105652e-03
  -9.8228725e-03
  -9.9802673e-03
  -9.9802673e-03
  -9.8228725e-03
  -9.5105652e-03
  -9.0482705e-03
  -8.4432793e-03
  -7.7051324e-03
  -6.8454711e-03
  -5.8778525e-03
  -4.8175367e-03
  -3.6812455e-03
  -2.4868989e-03
  -1.2533323e-03
  -4.8985872e-18
   1.2533323e-03
   2.4868989e-03
   3.6812455e-03
   4.8175367e-03
   5.8778525e-03
   6.8454711e-03
   7.7051324e-03
   8.4432793e-03
   9.0482705e-03
   9.5105652e-03
   9.8228725e-03
   9.9802673e-03
   9.9802673e-03
   9.8228725e-03
   9.5105652e-03
   9.0482705e-03
   8.4432793e-03
   7.7051324e-03
   6.8454711e-03
   5.8778525e-03
   4.8175367e-03
   3.6812455e-03
   2.4868989e-03
   1.2533323e-03
   6.1232340e-18
  -1.2533323e-03
  -2.4868989e-03
  -3.6812455e-03
  -4.8175367e-03
  -5.8778525e-03
  -6.8454711e-03
  -7.7051324e-03
  -8.4432793e-03
  -9.0482705e-03
  -9.5105652e-03
  -9.8228725e-03
  -9.9802673e-03
  -9.9802673e-03
  -9.8228725e-03
  -9.5105652e-03
  -9.0482705e-03
  -8.4432793e-03
  -7.7051324e-03
  -6.8454711e-03
  -5.8778525e-03
  -4.8175367e-03
  -3.6812455e-03
  -2.4868989e-03
  -1.2533323e-03
  -7.3478808e-18
   1.2533323e-03
   2.4868989e-03
   3.6812455e-03
   4.8175367e-03
   5.8778525e-03
   6.8454711e-03
   7.7051324e-03
   8.4432793e-03
   9.0482705e-03
   9.5105652e-03
   9.8228725e-03
   9.9802673e-03
   9.9802673e-03
   9.8228725e-03
   9.5105652e-03
   9.0482705e-03
   8.4432793e-03
   7.7051324e-03
   6.8454711e-03
   5.8778525e-03
   4.8175367e-03
   3.6812455e-03
   2.4868989e-03
   1.2533323e-03
   8.5725276e-18
  -1.2533323e-03
  -2.4868989e-03
  -3.6812455e-03
  -4.8175367e-03
  -5.8778525e-03
  -6.8454711e-03
  -7.7051324e-03
  -8.4432793e-03
  -9.0482705e-03
  -9.5105652e-03
  -9.8228725e-03
  -9.9802673e-03
  -9.9802673e-03
  -9.8228725e-03
  -9.5105652e-03
  -9.0482705e-03
  -8.4432793e-03
  -7.7051324e-03
  -6.8454711e-03
  -5.8778525e-03
  -4.8175367e-03
  -3.6812455e-03
  -2.4868989e-03
  -1.2533323e-03
  -9.7971744e-18
   1.2533323e-03
   2.4868989e-03
   3.6812455e-03
   4.8175367e-03
   5.8778525e-03
   6.8454711e-03
   7.7051324e-03
   8.4432793e-03
   9.0482705e-03
   9.5105652e-03
   9.8228725e-03
   9.9802673e-03
   9.9802673e-03
   9.8228725e-03
   9.5105652e-03
   9.0482705e-03
   8.4432793e-03
   7.7051324e-03
   6.8454711e-03
   5.8778525e-03
   4.8175367e-03
   3.6812455e-03
   2.4868989e-03
   1.2533323e-03
   1.1021821e-17
  -1.2533323e-03
  -2.4868989e-03
  -3.6812455e-03
  -4.8175367e-03
  -5.8778525e-03
  -6.8454711e-03
  -7.7051324e-03
  -8.4432793e-03
  -9.0482705e-03
  -9.5105652e-03
  -9.8228725e-03
  -9.9802673e-03
  -9.9802673e-03
  -9.8228725e-03
  -9.5105652e-03
  -9.0482705e-03
  -8.4432793e-03
  -7.7051324e-03
  -6.8454711e-03
  -5.8778525e-03
  -4.8175367e-03
  -3.6812455e-03
  -2.4868989e-03
  -1.2533323e-03
  -1.2246468e-17
   1.2533323e-03
   2.4868989e-03
   3.6812455e-03
   4.8175367e-03
   5.8778525e-03
   6.8454711e-03
   7.7051324e-03
   8.4432793e-03
   9.0482705e-03
   9.5105652e-03
   9.8228725e-03
   9.9802673e-03
   9.9802673e-03
   9.8228725e-03
   9.5105652e-03
   9.0482705e-03
   8.4432793e-03
   7.7051324e-03
   6.8454711e-03
   5.8778525e-03
   4.8175367e-03
   3.6812455e-03
   2.4868989e-03
   1.2533323e-03
  -2.2056022e-17
  -1.2533323e-03
  -2.4868989e-03
  -3.6812455e-03
  -4.8175367e-03
  -5.8778525e-03
  -6.8454711e-03
  -7.7051324e-03
  -8.4432793e-03
  -9.0482705e-03
  -9.5105652e-03
  -9.8228725e-03
  -9.9802673e-03
  -9.9802673e-03
  -9.8228725e-03
  -9.5105652e-03
  -9.0482705e-03
  -8.4432793e-03
  -7.7051324e-03
  -6.8454711e-03
  -5.8778525e-03
  -4.8175367e-03
  -3.6812455e-03
  -2.4868989e-03
  -1.2533323e-03
  -1.4695762e-17
   1.2533323e-03
   2.4868989e-03
   3.6812455e-03
   4.8175367e-03
   5.8778525e-03
   6.8454711e-03
   7.7051324e-03
   8.4432793e-03
   9.0482705e-03
   9.5105652e-03
   9.8228725e-03
   9.9802673e-03
   9.9802673e-03
   9.8228725e-03
   9.5105652e-03
   9.0482705e-03
   8.4432793e-03
   7.7051324e-03
   6.8454711e-03
   5.8778525e-03
   4.8175367e-03
   3.6812455e-03
   2.4868989e-03
   1.2533323e-03
   5.1447545e-17
  -1.2533323e-03
  -2.4868989e-03
  -3.6812455e-03
  -4.8175367e-03
  -5.8778525e-03
  -6.8454711e-03
  -7.7051324e-03
  -8.4432793e-03
  -9.0482705e-03
  -9.5105652e-03
  -9.8228725e-03
  -9.9802673e-03
  -9.9802673e-03
  -9.8228725e-03
  -9.5105652e-03
  -9.0482705e-03
  -8.4432793e-03
  -7.7051324e-03
  -6.8454711e-03
  -5.8778525e-03
  -4.8175367e-03
  -3.6812455e-03
  -2.4868989e-03
  -1.2533323e-03
  -1.7145055e-17
   1.2533323e-03
   2.4868989e-03
   3.6812455e-03
   4.8175367e-03
   5.8778525e-03
   6.8454711e-03
   7.7051324e-03
   8.4432793e-03
   9.0482705e-03
   9.5105652e-03
   9.8228725e-03
   9.9802673e-03
   9.9802673e-03
   9.8228725e-03
   9.5105652e-03
   9.0482705e-03
   8.4432793e-03
   7.7051324e-03
   6.8454711e-03
   5.8778525e-03
   4.8175367e-03
   3.6812455e-03
   2.4868989e-03
   1.2533323e-03
  -1.7157435e-17
  -1.2533323e-03
  -2.4868989e-03
  -3.6812455e-03
  -4.8175367e-03
  -5.8778525e-03
  -6.8454711e-03
  -7.7051324e-03
  -8.4432793e-03
  -9.0482705e-03
  -9.5105652e-03
  -9.8228725e-03
  -9.9802673e-03
  -9.9802673e-03
  -9.8228725e-03
  -9.5105652e-03
  -9.0482705e-03
  -8.4432793e-03
  -7.7051324e-03
  -6.8454711e-03
  -5.8778525e-03
  -4.8175367e-03
  -3.6812455e-03
  -2.4868989e-03
  -1.2533323e-03
  -1.9594349e-17
   1.2533323e-03
   2.4868989e-03
   3.6812455e-03
   4.8175367e-03
   5.8778525e-03
   6.8454711e-03
   7.7051324e-03
   8.4432793e-03
   9.0482705e-03
   9.5105652e-03
   9.8228725e-03
   9.9802673e-03
   9.9802673e-03
   9.8228725e-03
   9.5105652e-03
   9.0482705e-03
   8.4432793e-03
   7.7051324e-03
   6.8454711e-03
   5.8778525e-03
   4.8175367e-03
   3.6812455e-03
   2.4868989e-03
   1.2533323e-03
   5.6346132e-17
  -1.2533323e-03
  -2.4868989e-03
  -3.6812455e-03
  -4.8175367e-03
  -5.8778525e-03
  -6.8454711e-03
  -7.7051324e-03
  -8.4432793e-03
  -9.0482705e-03
  -9.5105652e-03
  -9.8228725e-03
  -9.9802673e-03
  -9.9802673e-03
  -9.8228725e-03
  -9.5105652e-03
  -9.0482705e-03
  -8.4432793e-03
  -7.7051324e-03
  -6.8454711e-03
  -5.8778525e-03
  -4.8175367e-03
  -3.6812455e-03
  -2.4868989e-03
  -1.2533323e-03
  -2.2043642e-17
   1.2533323e-03
   2.4868989e-03
   3.6812455e-03
   4.8175367e-03
   5.8778525e-03
   6.8454711e-03
   7.7051324e-03
   8.4432793e-03
   9.0482705e-03
   9.5105652e-03
   9.8228725e-03
   9.9802673e-03
   9.9802673e-03
   9.8228725e-03
   9.5105652e-03
   9.0482705e-03
   8.4432793e-03
   7.7051324e-03
   6.8454711e-03
   5.8778525e-03
   4.8175367e-03
   3.6812455e-03
   2.4868989e-03
   1.2533323e-03
  -1.2258848e-17
  -1.2533323e-03
  -2.4868989e-03
  -3.6812455e-03
  -4.8175367e-03
  -5.8778525e-03
  -6.8454711e-03
  -7.7051324e-03
  -8.4432793e-03
  -9.0482705e-03
  -9.5105652e-03
  -9.8228725e-03
  -9.9802673e-03
  -9.9802673e-03
  -9.8228725e-03
  -9.5105652e-03
  -9.0482705e-03
  -8.4432793e-03
  -7.7051324e-03
  -6.8454711e-03
  -5.8778525e-03
  -4.8175367e-03
  -3.6812455e-03
  -2.4868989e-03
  -1.2533323e-03
  -2.4492936e-17
   1.2533323e-03
   2.4868989e-03
   3.6812455e-03
   4.8175367e-03
   5.8778525e-03
   6.8454711e-03
   7.7051324e-03
   8.4432793e-03
   9.0482705e-03
   9.5105652e-03
   9.8228725e-03
   9.9802673e-03
   9.9802673e-03
   9.8228725e-03
   9.5105652e-03
   9.0482705e-03
   8.4432793e-03
   7.7051324e-03
   6.8454711e-03
   5.8778525e-03
   4.8175367e-03
   3.6812455e-03
   2.4868989e-03
   1.2533323e-03
  -9.8095540e-18
  -1.2533323e-03
  -2.4868989e-03
  -3.6812455e-03
  -4.8175367e-03
  -5.8778525e-03
  -6.8454711e-03
  -7.7051324e-03
  -8.4432793e-03
  -9.0482705e-03
  -9.5105652e-03
  -9.8228725e-03
  -9.9802673e-03
  -9.9802673e-03
  -9.8228725e-03
  -9.5105652e-03
  -9.0482705e-03
  -8.4432793e-03
  -7.7051324e-03
  -6.8454711e-03
  -5.8778525e-03
  -4.8175367e-03
  -3.6812455e-03
  -2.4868989e-03
  -1.2533323e-03
   4.4112044e-17
   1.2533323e-03
   2.4868989e-03
   3.6812455e-03
   4.8175367e-03
   5.8778525e-03
   6.8454711e-03
   7.7051324e-03
   8.4432793e-03
   9.0482705e-03
   9.5105652e-03
   9.8228725e-03
   9.9802673e-03
   9.9802673e-03
   9.8228725e-03
   9.5105652e-03
   9.0482705e-03
   8.4432793e-03
   7.7051324e-03
   6.8454711e-03
   5.8778525e-03
   4.8175367e-03
   3.6812455e-03
   2.4868989e-03
   1.2533323e-03
   6.3694013e-17
  -1.2533323e-03
  -2.4868989e-03
  -3.6812455e-03
  -4.8175367e-03
  -5.8778525e-03
  -6.8454711e-03
  -7.7051324e-03
  -8.4432793e-03
  -9.0482705e-03
  -9.5105652e-03
  -9.8228725e-03
  -9.9802673e-03
  -9.9802673e-03
  -9.8228725e-03
  -9.5105652e-03
  -9.0482705e-03
  -8.4432793e-03
  -7.7051324e-03
  -6.8454711e-03
  -5.8778525e-03
  -4.8175367e-03
  -3.6812455e-03
  -2.4868989e-03
  -1.2533323e-03
  -2.9391523e-17
   1.2533323e-03
   2.4868989e-03
   3.6812455e-03
   4.8175367e-03
   5.8778525e-03
   6.8454711e-03
   7.7051324e-03
   8.4432793e-03
   9.0482705e-03
   9.5105652e-03
   9.8228725e-03
   9.9802673e-03
   9.9802673e-03
   9.8228725e-03
   9.5105652e-03
   9.0482705e-03
   8.4432793e-03
   7.7051324e-03
   6.8454711e-03
   5.8778525e-03
   4.8175367e-03
   3.6812455e-03
   2.4868989e-03
   1.2533323e-03
  -4.9109668e-18
  -1.2533323e-03
  -2.4868989e-03
  -3.6812455e-03
  -4.8175367e-03
  -5.8778525e-03
  -6.8454711e-03
  -7.7051324e-03
  -8.4432793e-03
  -9.0482705e-03
  -9.5105652e-03
  -9.8228725e-03
  -9.9802673e-03
  -9.9802673e-03
  -9.8228725e-03
  -9.5105652e-03
  -9.0482705e-03
  -8.4432793e-03
  -7.7051324e-03
  -6.8454711e-03
  -5.8778525e-03
  -4.8175367e-03
  -3.6812455e-03
  -2.4868989e-03
  -1.2533323e-03
  -1.0289509e-16
   1.2533323e-03
   2.4868989e-03
   3.6812455e-03
   4.8175367e-03
   5.8778525e-03
   6.8454711e-03
   7.7051324e-03
   8.4432793e-03
   9.0482705e-03
   9.5105652e-03
   9.8228725e-03
   9.9802673e-03
   9.9802673e-03
   9.8228725e-03
   9.5105652e-03
   9.0482705e-03
   8.4432793e-03
   7.7051324e-03
   6.8454711e-03
   5.8778525e-03
   4.8175367e-03
   3.6812455e-03
   2.4868989e-03
   1.2533323e-03
  -7.3515947e-17
  -1.2533323e-03
  -2.4868989e-03
  -3.6812455e-03
  -4.8175367e-03
  -5.8778525e-03
  -6.8454711e-03
  -7.7051324e-03
  -8.4432793e-03
  -9.0482705e-03
  -9.5105652e-03
  -9.8228725e-03
  -9.9802673e-03
  -9.9802673e-03
  -9.8228725e-03
  -9.5105652e-03
  -9.0482705e-03
  -8.4432793e-03
  -7.7051324e-03
  -6.8454711e-03
  -5.8778525e-03
  -4.8175367e-03
  -3.6812455e-03
  -2.4868989e-03
  -1.2533323e-03
  -3.4290110e-17
   1.2533323e-03
   2.4868989e-03
   3.6812455e-03
   4.8175367e-03
   5.8778525e-03
   6.8454711e-03
   7.7051324e-03
   8.4432793e-03
   9.0482705e-03
   9.5105652e-03
   9.8228725e-03
   9.9802673e-03
   9.9802673e-03
   9.8228725e-03
   9.5105652e-03
   9.0482705e-03
   8.4432793e-03
   7.7051324e-03
   6.8454711e-03
   5.8778525e-03
   4.8175367e-03
   3.6812455e-03
   2.4868989e-03
   1.2533323e-03
  -1.2379613e-20
  -1.2533323e-03
  -2.4868989e-03
  -3.6812455e-03
  -4.8175367e-03
  -5.8778525e-03
  -6.8454711e-03
  -7.7051324e-03
  -8.4432793e-03
  -9.0482705e-03
  -9.5105652e-03
  -9.8228725e-03
  -9.9802673e-03
  -9.9802673e-03
  -9.8228725e-03
  -9.5105652e-03
  -9.0482705e-03
  -8.4432793e-03
  -7.7051324e-03
  -6.8454711e-03
  -5.8778525e-03
  -4.8175367e-03
  -3.6812455e-03
  -2.4868989e-03
  -1.2533323e-03
   3.4314870e-17
   1.2533323e-03
   2.4868989e-03
   3.6812455e-03
   4.8175367e-03
   5.8778525e-03
   6.8454711e-03
   7.7051324e-03
   8.4432793e-03
   9.0482705e-03
   9.5105652e-03
   9.8228725e-03
   9.9802673e-03
   9.9802673e-03
   9.8228725e-03
   9.5105652e-03
   9.0482705e-03
   8.4432793e-03
   7.7051324e-03
   6.8454711e-03
   5.8778525e-03
   4.8175367e-03
   3.6812455e-03
   2.4868989e-03
   1.2533323e-03
  -6.8617360e-17
  -1.2533323e-03
  -2.4868989e-03
  -3.6812455e-03
  -4.8175367e-03
  -5.8778525e-03
  -6.8454711e-03
  -7.7051324e-03
  -8.4432793e-03
  -9.0482705e-03
  -9.5105652e-03
  -9.8228725e-03
  -9.9802673e-03
  -9.9802673e-03
  -9.8228725e-03
  -9.5105652e-03
  -9.0482705e-03
  -8.4432793e-03
  -7.7051324e-03
  -6.8454711e-03
  -5.8778525e-03
  -4.8175367e-03
  -3.6812455e-03
  -2.4868989e-03
  -1.2533323e-03
  -3.9188698e-17
   1.2533323e-03
   2.4868989e-03
   3.6812455e-03
   4.8175367e-03
   5.8778525e-03
   6.8454711e-03
   7.7051324e-03
   8.4432793e-03
   9.0482705e-03
   9.5105652e-03
   9.8228725e-03
   9.9802673e-03
   9.9802673e-03
   9.8228725e-03
   9.5105652e-03
   9.0482705e-03
   8.4432793e-03
   7.7051324e-03
   6.8454711e-03
   5.8778525e-03
   4.8175367e-03
   3.6812455e-03
   2.4868989e-03
   1.2533323e-03
   4.8862076e-18
  -1.2533323e-03
  -2.4868989e-03
  -3.6812455e-03
  -4.8175367e-03
  -5.8778525e-03
  -6.8454711e-03
  -7.7051324e-03
  -8.4432793e-03
  -9.0482705e-03
  -9.5105652e-03
  -9.8228725e-03
  -9.9802673e-03
  -9.9802673e-03
  -9.8228725e-03
  -9.5105652e-03
  -9.0482705e-03
  -8.4432793e-03
  -7.7051324e-03
  -6.8454711e-03
  -5.8778525e-03
  -4.8175367e-03
  -3.6812455e-03
  -2.4868989e-03
  -1.2533323e-03
  -1.1269226e-16
   1.2533323e-03
   2.4868989e-03
   3.6812455e-03
   4.8175367e-03
   5.8778525e-03
   6.8454711e-03
   7.7051324e-03
   8.4432793e-03
   9.0482705e-03
   9.5105652e-03
   9.8228725e-03
   9.9802673e-03
   9.9802673e-03
   9.8228725e-03
   9.5105652e-03
   9.0482705e-03
   8.4432793e-03
   7.7051324e-03
   6.8454711e-03
   5.8778525e-03
   4.8175367e-03
   3.6812455e-03
   2.4868989e-03
   1.2533323e-03
   7.8389775e-17
  -1.2533323e-03
  -2.4868989e-03
  -3.6812455e-03
  -4.8175367e-03
  -5.8778525e-03
  -6.8454711e-03
  -7.7051324e-03
  -8.4432793e-03
  -9.0482705e-03
  -9.5105652e-03
  -9.8228725e-03
  -9.9802673e-03
  -9.9802673e-03
  -9.8228725e-03
  -9.5105652e-03
  -9.0482705e-03
  -8.4432793e-03
  -7.7051324e-03
  -6.8454711e-03
  -5.8778525e-03
  -4.8175367e-03
  -3.6812455e-03
  -2.4868989e-03
  -1.2533323e-03
  -4.4087285e-17
   1.2533323e-03
   2.4868989e-03
   3.6812455e-03
   4.8175367e-03
   5.8778525e-03
   6.8454711e-03
   7.7051324e-03
   8.4432793e-03
   9.0482705e-03
   9.5105652e-03
   9.8228725e-03
   9.9802673e-03
   9.9802673e-03
   9.8228725e-03
   9.5105652e-03
   9.0482705e-03
   8.4432793e-03
   7.7051324e-03
   6.8454711e-03
   5.8778525e-03
   4.8175367e-03
   3.6812455e-03
   2.4868989e-03
   1.2533323e-03
   9.7847948e-18
  -1.2533323e-03
  -2.4868989e-03
  -3.6812455e-03
  -4.8175367e-03
  -5.8778525e-03
  -6.8454711e-03
  -7.7051324e-03
  -8.4432793e-03
  -9.0482705e-03
  -9.5105652e-03
  -9.8228725e-03
  -9.9802673e-03
  -9.9802673e-03
  -9.8228725e-03
  -9.5105652e-03
  -9.0482705e-03
  -8.4432793e-03
  -7.7051324e-03
  -6.8454711e-03
  -5.8778525e-03
  -4.8175367e-03
  -3.6812455e-03
  -2.4868989e-03
  -1.2533323e-03
   2.4517695e-17
   1.2533323e-03
   2.4868989e-03
   3.6812455e-03
   4.8175367e-03
   5.8778525e-03
   6.8454711e-03
   7.7051324e-03
   8.4432793e-03
   9.0482705e-03
   9.5105652e-03
   9.8228725e-03
   9.9802673e-03
   9.9802673e-03
   9.8228725e-03
   9.5105652e-03
   9.0482705e-03
   8.4432793e-03
   7.7051324e-03
   6.8454711e-03
   5.8778525e-03
   4.8175367e-03
   3.6812455e-03
   2.4868989e-03
   1.2533323e-03
  -5.8820185e-17
  -1.2533323e-03
  -2.4868989e-03
  -3.6812455e-03
  -4.8175367e-03
  -5.8778525e-03
  -6.8454711e-03
  -7.7051324e-03
  -8.4432793e-03
  -9.0482705e-03
  -9.5105652e-03
  -9.8228725e-03
  -9.9802673e-03
  -9.9802673e-03
  -9.8228725e-03
  -9.5105652e-03
  -9.0482705e-03
  -8.4432793e-03
  -7.7051324e-03
  -6.8454711e-03
  -5.8778525e-03
  -4.8175367e-03
  -3.6812455e-03
  -2.4868989e-03
  -1.2533323e-03
