   0.0000000e+00
   1.5643447e-03
   3.0901699e-03
   4.5399050e-03
   5.8778525e-03
   7.0710678e-03
   8.0901699e-03
   8.9100652e-03
   9.5105652e-03
   9.8768834e-03
   1.0000000e-02
   9.8768834e-03
   9.5105652e-03
   8.9100652e-03
   8.0901699e-03
   7.0710678e-03
   5.8778525e-03
   4.5399050e-03
   3.0901699e-03
   1.5643447e-03
   1.2246468e-18
  -1.5643447e-03
  -3.0901699e-03
  -4.5399050e-03
  -5.8778525e-03
  -7.0710678e-03
  -8.0901699e-03
  -8.9100652e-03
  -9.5105652e-03
  -9.8768834e-03
  -1.0000000e-02
  -9.8768834e-03
  -9.5105652e-03
  -8.9100652e-03
  -8.0901699e-03
  -7.0710678e-03
  -5.8778525e-03
  -4.5399050e-03
  -3.0901699e-03
  -1.5643447e-03
  -2.4492936e-18
   1.5643447e-03
   3.0901699e-03
   4.5399050e-03
   5.8778525e-03
   7.0710678e-03
   8.0901699e-03
   8.9100652e-03
   9.5105652e-03
   9.8768834e-03
   1.0000000e-02
   9.8768834e-03
   9.5105652e-03
   8.9100652e-03
   8.0901699e-03
   7.0710678e-03
   5.8778525e-03
   4.5399050e-03
   3.0901699e-03
   1.5643447e-03
   3.6739404e-18
  -1.5643447e-03
  -3.0901699e-03
  -4.5399050e-03
  -5.8778525e-03
  -7.0710678e-03
  -8.0901699e-03
  -8.9100652e-03
  -9.5105652e-03
  -9.8768834e-03
  -1.0000000e-02
  -9.8768834e-03
  -9.5105652e-03
  -8.9100652e-03
  -8.0901699e-03
  -7.0710678e-03
  -5.8778525e-03
  -4.5399050e-03
  -3.0901699e-03
  -1.5643447e-03
  -4.8985872e-18
   1.5643447e-03
   3.0901699e-03
   4.5399050e-03
   5.8778525e-03
   7.0710678e-03
   8.0901699e-03
   8.9100652e-03
   9.5105652e-03
   9.8768834e-03
   1.0000000e-02
   9.8768834e-03
   9.5105652e-03
   8.9100652e-03
   8.0901699e-03
   7.0710678e-03
   5.8778525e-03
   4.5399050e-03
   3.0901699e-03
   1.5643447e-03
  -1.1640334e-17
  -1.5643447e-03
  -3.0901699e-03
  -4.5399050e-03
  -5.8778525e-03
  -7.0710678e-03
  -8.0901699e-03
  -8.9100652e-03
  -9.5105652e-03
  -9.8768834e-03
  -1.0000000e-02
  -9.8768834e-03
  -9.5105652e-03
  -8.9100652e-03
  -8.0901699e-03
  -7.0710678e-03
  -5.8778525e-03
  -4.5399050e-03
  -3.0901699e-03
  -1.5643447e-03
  -7.3478808e-18
   1.5643447e-03
   3.0901699e-03
   4.5399050e-03
   5.8778525e-03
   7.0710678e-03
   8.0901699e-03
   8.9100652e-03
   9.5105652e-03
   9.8768834e-03
   1.0000000e-02
   9.8768834e-03
   9.5105652e-03
   8.9100652e-03
   8.0901699e-03
   7.0710678e-03
   5.8778525e-03
   4.5399050e-03
   3.0901699e-03
   1.5643447e-03
   8.5725276e-18
  -1.5643447e-03
  -3.0901699e-03
  -4.5399050e-03
  -5.8778525e-03
  -7.0710678e-03
  -8.0901699e-03
  -8.9100652e-03
  -9.5105652e-03
  -9.8768834e-03
  -1.0000000e-02
  -9.8768834e-03
  -9.5105652e-03
  -8.9100652e-03
  -8.0901699e-03
  -7.0710678e-03
  -5.8778525e-03
  -4.5399050e-03
  -3.0901699e-03
  -1.5643447e-03
  -9.7971744e-18
   1.5643447e-03
   3.0901699e-03
   4.5399050e-03
   5.8778525e-03
   7.0710678e-03
   8.0901699e-03
   8.9100652e-03
   9.5105652e-03
   9.8768834e-03
   1.0000000e-02
   9.8768834e-03
   9.5105652e-03
   8.9100652e-03
   8.0901699e-03
   7.0710678e-03
   5.8778525e-03
   4.5399050e-03
   3.0901699e-03
   1.5643447e-03
  -2.4505316e-17
  -1.5643447e-03
  -3.0901699e-03
  -4.5399050e-03
  -5.8778525e-03
  -7.0710678e-03
  -8.0901699e-03
  -8.9100652e-03
  -9.5105652e-03
  -9.8768834e-03
  -1.0000000e-02
  -9.8768834e-03
  -9.5105652e-03
  -8.9100652e-03
  -8.0901699e-03
  -7.0710678e-03
  -5.8778525e-03
  -4.5399050e-03
  -3.0901699e-03
  -1.5643447e-03
   2.3280669e-17
   1.5643447e-03
   3.0901699e-03
   4.5399050e-03
   5.8778525e-03
   7.0710678e-03
   8.0901699e-03
   8.9100652e-03
   9.5105652e-03
   9.8768834e-03
   1.0000000e-02
   9.8768834e-03
   9.5105652e-03
   8.9100652e-03
   8.0901699e-03
   7.0710678e-03
   5.8778525e-03
   4.5399050e-03
   3.0901699e-03
   1.5643447e-03
  -2.2056022e-17
  -1.5643447e-03
  -3.0901699e-03
  -4.5399050e-03
  -5.8778525e-03
  -7.0710678e-03
  -8.0901699e-03
  -8.9100652e-03
  -9.5105652e-03
  -9.8768834e-03
  -1.0000000e-02
  -9.8768834e-03
  -9.5105652e-03
  -8.9100652e-03
  -8.0901699e-03
  -7.0710678e-03
  -5.8778525e-03
  -4.5399050e-03
  -3.0901699e-03
  -1.5643447e-03
  -1.4695762e-17
   1.5643447e-03
   3.0901699e-03
   4.5399050e-03
   5.8778525e-03
   7.0710678e-03
   8.0901699e-03
   8.9100652e-03
   9.5105652e-03
   9.8768834e-03
   1.0000000e-02
   9.8768834e-03
   9.5105652e-03
   8.9100652e-03
   8.0901699e-03
   7.0710678e-03
   5.8778525e-03
   4.5399050e-03
   3.0901699e-03
   1.5643447e-03
  -1.9606728e-17
  -1.5643447e-03
  -3.0901699e-03
  -4.5399050e-03
  -5.8778525e-03
  -7.0710678e-03
  -8.0901699e-03
  -8.9100652e-03
  -9.5105652e-03
  -9.8768834e-03
  -1.0000000e-02
  -9.8768834e-03
  -9.5105652e-03
  -8.9100652e-03
  -8.0901699e-03
  -7.0710678e-03
  -5.8778525e-03
  -4.5399050e-03
  -3.0901699e-03
  -1.5643447e-03
  -1.7145055e-17
   1.5643447e-03
   3.0901699e-03
   4.5399050e-03
   5.8778525e-03
   7.0710678e-03
   8.0901699e-03
   8.9100652e-03
   9.5105652e-03
   9.8768834e-03
   1.0000000e-02
   9.8768834e-03
   9.5105652e-03
   8.9100652e-03
   8.0901699e-03
   7.0710678e-03
   5.8778525e-03
   4.5399050e-03
   3.0901699e-03
   1.5643447e-03
  -1.7157435e-17
  -1.5643447e-03
  -3.0901699e-03
  -4.5399050e-03
  -5.8778525e-03
  -7.0710678e-03
  -8.0901699e-03
  -8.9100652e-03
  -9.5105652e-03
  -9.8768834e-03
  -1.0000000e-02
  -9.8768834e-03
  -9.5105652e-03
  -8.9100652e-03
  -8.0901699e-03
  -7.0710678e-03
  -5.8778525e-03
  -4.5399050e-03
  -3.0901699e-03
  -1.5643447e-03
  -1.9594349e-17
   1.5643447e-03
   3.0901699e-03
   4.5399050e-03
   5.8778525e-03
   7.0710678e-03
   8.0901699e-03
   8.9100652e-03
   9.5105652e-03
   9.8768834e-03
   1.0000000e-02
   9.8768834e-03
   9.5105652e-03
   8.9100652e-03
   8.0901699e-03
   7.0710678e-03
   5.8778525e-03
   4.5399050e-03
   3.0901699e-03
   1.5643447e-03
  -1.4708141e-17
  -1.5643447e-03
  -3.0901699e-03
  -4.5399050e-03
  -5.8778525e-03
  -7.0710678e-03
  -8.0901699e-03
  -8.9100652e-03
  -9.5105652e-03
  -9.8768834e-03
  -1.0000000e-02
  -9.8768834e-03
  -9.5105652e-03
  -8.9100652e-03
  -8.0901699e-03
  -7.0710678e-03
  -5.8778525e-03
  -4.5399050e-03
  -3.0901699e-03
  -1.5643447e-03
   4.9010631e-17
   1.5643447e-03
   3.0901699e-03
   4.5399050e-03
   5.8778525e-03
   7.0710678e-03
   8.0901699e-03
   8.9100652e-03
   9.5105652e-03
   9.8768834e-03
   1.0000000e-02
   9.8768834e-03
   9.5105652e-03
   8.9100652e-03
   8.0901699e-03
   7.0710678e-03
   5.8778525e-03
   4.5399050e-03
   3.0901699e-03
   1.5643447e-03
  -1.2258848e-17
  -1.5643447e-03
  -3.0901699e-03
  -4.5399050e-03
  -5.8778525e-03
  -7.0710678e-03
  -8.0901699e-03
  -8.9100652e-03
  -9.5105652e-03
  -9.8768834e-03
  -1.0000000e-02
  -9.8768834e-03
  -9.5105652e-03
  -8.9100652e-03
  -8.0901699e-03
  -7.0710678e-03
  -5.8778525e-03
  -4.5399050e-03
  -3.0901699e-03
  -1.5643447e-03
   4.6561338e-17
   1.5643447e-03
   3.0901699e-03
   4.5399050e-03
   5.8778525e-03
   7.0710678e-03
   8.0901699e-03
   8.9100652e-03
   9.5105652e-03
   9.8768834e-03
   1.0000000e-02
   9.8768834e-03
   9.5105652e-03
   8.9100652e-03
   8.0901699e-03
   7.0710678e-03
   5.8778525e-03
   4.5399050e-03
   3.0901699e-03
   1.5643447e-03
  -9.8095540e-18
  -1.5643447e-03
  -3.0901699e-03
  -4.5399050e-03
  -5.8778525e-03
  -7.0710678e-03
  -8.0901699e-03
  -8.9100652e-03
  -9.5105652e-03
  -9.8768834e-03
  -1.0000000e-02
  -9.8768834e-03
  -9.5105652e-03
  -8.9100652e-03
  -8.0901699e-03
  -7.0710678e-03
  -5.8778525e-03
  -4.5399050e-03
  -3.0901699e-03
  -1.5643447e-03
   4.4112044e-17
   1.5643447e-03
   3.0901699e-03
   4.5399050e-03
   5.8778525e-03
   7.0710678e-03
   8.0901699e-03
   8.9100652e-03
   9.5105652e-03
   9.8768834e-03
   1.0000000e-02
   9.8768834e-03
   9.5105652e-03
   8.9100652e-03
   8.0901699e-03
   7.0710678e-03
   5.8778525e-03
   4.5399050e-03
   3.0901699e-03
   1.5643447e-03
  -7.8414534e-17
  -1.5643447e-03
  -3.0901699e-03
  -4.5399050e-03
  -5.8778525e-03
  -7.0710678e-03
  -8.0901699e-03
  -8.9100652e-03
  -9.5105652e-03
  -9.8768834e-03
  -1.0000000e-02
  -9.8768834e-03
  -9.5105652e-03
  -8.9100652e-03
  -8.0901699e-03
  -7.0710678e-03
  -5.8778525e-03
  -4.5399050e-03
  -3.0901699e-03
  -1.5643447e-03
  -2.9391523e-17
   1.5643447e-03
   3.0901699e-03
   4.5399050e-03
   5.8778525e-03
   7.0710678e-03
   8.0901699e-03
   8.9100652e-03
   9.5105652e-03
   9.8768834e-03
   1.0000000e-02
   9.8768834e-03
   9.5105652e-03
   8.9100652e-03
   8.0901699e-03
   7.0710678e-03
   5.8778525e-03
   4.5399050e-03
   3.0901699e-03
   1.5643447e-03
  -4.9109668e-18
  -1.5643447e-03
  -3.0901699e-03
  -4.5399050e-03
  -5.8778525e-03
  -7.0710678e-03
  -8.0901699e-03
  -8.9100652e-03
  -9.5105652e-03
  -9.8768834e-03
  -1.0000000e-02
  -9.8768834e-03
  -9.5105652e-03
  -8.9100652e-03
  -8.0901699e-03
  -7.0710678e-03
  -5.8778525e-03
  -4.5399050e-03
  -3.0901699e-03
  -1.5643447e-03
   3.9213457e-17
   1.5643447e-03
   3.0901699e-03
   4.5399050e-03
   5.8778525e-03
   7.0710678e-03
   8.0901699e-03
   8.9100652e-03
   9.5105652e-03
   9.8768834e-03
   1.0000000e-02
   9.8768834e-03
   9.5105652e-03
   8.9100652e-03
   8.0901699e-03
   7.0710678e-03
   5.8778525e-03
   4.5399050e-03
   3.0901699e-03
   1.5643447e-03
   6.8592600e-17
  -1.5643447e-03
  -3.0901699e-03
  -4.5399050e-03
  -5.8778525e-03
  -7.0710678e-03
  -8.0901699e-03
  -8.9100652e-03
  -9.5105652e-03
  -9.8768834e-03
  -1.0000000e-02
  -9.8768834e-03
  -9.5105652e-03
  -8.9100652e-03
  -8.0901699e-03
  -7.0710678e-03
  -5.8778525e-03
  -4.5399050e-03
  -3.0901699e-03
  -1.5643447e-03
  -3.4290110e-17
   1.5643447e-03
   3.0901699e-03
   4.5399050e-03
   5.8778525e-03
   7.0710678e-03
   8.0901699e-03
   8.9100652e-03
   9.5105652e-03
   9.8768834e-03
   1.0000000e-02
   9.8768834e-03
   9.5105652e-03
   8.9100652e-03
   8.0901699e-03
   7.0710678e-03
   5.8778525e-03
   4.5399050e-03
   3.0901699e-03
   1.5643447e-03
  -1.2379613e-20
  -1.5643447e-03
  -3.0901699e-03
  -4.5399050e-03
  -5.8778525e-03
  -7.0710678e-03
  -8.0901699e-03
  -8.9100652e-03
  -9.5105652e-03
  -9.8768834e-03
  -1.0000000e-02
  -9.8768834e-03
  -9.5105652e-03
  -8.9100652e-03
  -8.0901699e-03
  -7.0710678e-03
  -5.8778525e-03
  -4.5399050e-03
  -3.0901699e-03
  -1.5643447e-03
   3.4314870e-17
   1.5643447e-03
   3.0901699e-03
   4.5399050e-03
   5.8778525e-03
   7.0710678e-03
   8.0901699e-03
   8.9100652e-03
   9.5105652e-03
   9.8768834e-03
   1.0000000e-02
   9.8768834e-03
   9.5105652e-03
   8.9100652e-03
   8.0901699e-03
   7.0710678e-03
   5.8778525e-03
   4.5399050e-03
   3.0901699e-03
   1.5643447e-03
  -6.8617360e-17
  -1.5643447e-03
  -3.0901699e-03
  -4.5399050e-03
  -5.8778525e-03
  -7.0710678e-03
  -8.0901699e-03
  -8.9100652e-03
  -9.5105652e-03
  -9.8768834e-03
  -1.0000000e-02
  -9.8768834e-03
  -9.5105652e-03
  -8.9100652e-03
  -8.0901699e-03
  -7.0710678e-03
  -5.8778525e-03
  -4.5399050e-03
  -3.0901699e-03
  -1.5643447e-03
  -3.9188698e-17
   1.5643447e-03
   3.0901699e-03
   4.5399050e-03
   5.8778525e-03
   7.0710678e-03
   8.0901699e-03
   8.9100652e-03
   9.5105652e-03
   9.8768834e-03
   1.0000000e-02
   9.8768834e-03
   9.5105652e-03
   8.9100652e-03
   8.0901699e-03
   7.0710678e-03
   5.8778525e-03
   4.5399050e-03
   3.0901699e-03
   1.5643447e-03
   1.4699475e-16
  -1.5643447e-03
  -3.0901699e-03
  -4.5399050e-03
  -5.8778525e-03
  -7.0710678e-03
  -8.0901699e-03
  -8.9100652e-03
  -9.5105652e-03
  -9.8768834e-03
  -1.0000000e-02
  -9.8768834e-03
  -9.5105652e-03
  -8.9100652e-03
  -8.0901699e-03
  -7.0710678e-03
  -5.8778525e-03
  -4.5399050e-03
  -3.0901699e-03
  -1.5643447e-03
   2.9416282e-17
   1.5643447e-03
   3.0901699e-03
   4.5399050e-03
   5.8778525e-03
   7.0710678e-03
   8.0901699e-03
   8.9100652e-03
   9.5105652e-03
   9.8768834e-03
   1.0000000e-02
   9.8768834e-03
   9.5105652e-03
   8.9100652e-03
   8.0901699e-03
   7.0710678e-03
   5.8778525e-03
   4.5399050e-03
   3.0901699e-03
   1.5643447e-03
   7.8389775e-17
  -1.5643447e-03
  -3.0901699e-03
  -4.5399050e-03
  -5.8778525e-03
  -7.0710678e-03
  -8.0901699e-03
  -8.9100652e-03
  -9.5105652e-03
  -9.8768834e-03
  -1.0000000e-02
  -9.8768834e-03
  -9.5105652e-03
  -8.9100652e-03
  -8.0901699e-03
  -7.0710678e-03
  -5.8778525e-03
  -4.5399050e-03
  -3.0901699e-03
  -1.5643447e-03
   9.8021262e-17
   1.5643447e-03
   3.0901699e-03
   4.5399050e-03
   5.8778525e-03
   7.0710678e-03
   8.0901699e-03
   8.9100652e-03
   9.5105652e-03
   9.8768834e-03
   1.0000000e-02
   9.8768834e-03
   9.5105652e-03
   8.9100652e-03
   8.0901699e-03
   7.0710678e-03
   5.8778525e-03
   4.5399050e-03
   3.0901699e-03
   1.5643447e-03
   9.7847948e-18
  -1.5643447e-03
  -3.0901699e-03
  -4.5399050e-03
  -5.8778525e-03
  -7.0710678e-03
  -8.0901699e-03
  -8.9100652e-03
  -9.5105652e-03
  -9.8768834e-03
  -1.0000000e-02
  -9.8768834e-03
  -9.5105652e-03
  -8.9100652e-03
  -8.0901699e-03
  -7.0710678e-03
  -5.8778525e-03
  -4.5399050e-03
  -3.0901699e-03
  -1.5643447e-03
   2.4517695e-17
   1.5643447e-03
   3.0901699e-03
   4.5399050e-03
   5.8778525e-03
   7.0710678e-03
   8.0901699e-03
   8.9100652e-03
   9.5105652e-03
   9.8768834e-03
   1.0000000e-02
   9.8768834e-03
   9.5105652e-03
   8.9100652e-03
   8.0901699e-03
   7.0710678e-03
   5.8778525e-03
   4.5399050e-03
   3.0901699e-03
   1.5643447e-03
   8.3288362e-17
  -1.5643447e-03
  -3.0901699e-03
  -4.5399050e-03
  -5.8778525e-03
  -7.0710678e-03
  -8.0901699e-03
  -8.9100652e-03
  -9.5105652e-03
  -9.8768834e-03
  -1.0000000e-02
  -9.8768834e-03
  -9.5105652e-03
  -8.9100652e-03
  -8.0901699e-03
  -7.0710678e-03
  -5.8778525e-03
  -4.5399050e-03
  -3.0901699e-03
  -1.5643447e-03
   9.3122675e-17
   1.5643447e-03
   3.0901699e-03
   4.5399050e-03
   5.8778525e-03
   7.0710678e-03
   8.0901699e-03
   8.9100652e-03
   9.5105652e-03
   9.8768834e-03
   1.0000000e-02
   9.8768834e-03
   9.5105652e-03
   8.9100652e-03
   8.0901699e-03
   7.0710678e-03
   5.8778525e-03
   4.5399050e-03
   3.0901699e-03
   1.5643447e-03
   1.5679193e-16
  -1.5643447e-03
  -3.0901699e-03
  -4.5399050e-03
  -5.8778525e-03
  -7.0710678e-03
  -8.0901699e-03
  -8.9100652e-03
  -9.5105652e-03
  -9.8768834e-03
  -1.0000000e-02
  -9.8768834e-03
  -9.5105652e-03
  -8.9100652e-03
  -8.0901699e-03
  -7.0710678e-03
  -5.8778525e-03
  -4.5399050e-03
  -3.0901699e-03
  -1.5643447e-03
   1.9619108e-17
   1.5643447e-03
   3.0901699e-03
   4.5399050e-03
   5.8778525e-03
   7.0710678e-03
   8.0901699e-03
   8.9100652e-03
   9.5105652e-03
   9.8768834e-03
   1.0000000e-02
   9.8768834e-03
   9.5105652e-03
   8.9100652e-03
   8.0901699e-03
   7.0710678e-03
   5.8778525e-03
   4.5399050e-03
   3.0901699e-03
   1.5643447e-03
   8.8186949e-17
  -1.5643447e-03
  -3.0901699e-03
  -4.5399050e-03
  -5.8778525e-03
  -7.0710678e-03
  -8.0901699e-03
  -8.9100652e-03
  -9.5105652e-03
  -9.8768834e-03
  -1.0000000e-02
  -9.8768834e-03
  -9.5105652e-03
  -8.9100652e-03
  -8.0901699e-03
  -7.0710678e-03
  -5.8778525e-03
  -4.5399050e-03
  -3.0901699e-03
  -1.5643447e-03
   8.8224088e-17
   1.5643447e-03
   3.0901699e-03
   4.5399050e-03
   5.8778525e-03
   7.0710678e-03
   8.0901699e-03
   8.9100652e-03
   9.5105652e-03
   9.8768834e-03
   1.0000000e-02
   9.8768834e-03
   9.5105652e-03
   8.9100652e-03
   8.0901699e-03
   7.0710678e-03
   5.8778525e-03
   4.5399050e-03
   3.0901699e-03
   1.5643447e-03
   1.9581969e-17
  -1.5643447e-03
  -3.0901699e-03
  -4.5399050e-03
  -5.8778525e-03
  -7.0710678e-03
  -8.0901699e-03
  -8.9100652e-03
  -9.5105652e-03
  -9.8768834e-03
  -1.0000000e-02
  -9.8768834e-03
  -9.5105652e-03
  -8.9100652e-03
  -8.0901699e-03
  -7.0710678e-03
  -5.8778525e-03
  -4.5399050e-03
  -3.0901699e-03
  -1.5643447e-03
   1.5682907e-16
   1.5643447e-03
   3.0901699e-03
   4.5399050e-03
   5.8778525e-03
   7.0710678e-03
   8.0901699e-03
   8.9100652e-03
   9.5105652e-03
   9.8768834e-03
   1.0000000e-02
   9.8768834e-03
   9.5105652e-03
   8.9100652e-03
   8.0901699e-03
   7.0710678e-03
   5.8778525e-03
   4.5399050e-03
   3.0901699e-03
   1.5643447e-03
  -4.9023011e-17
  -1.5643447e-03
  -3.0901699e-03
  -4.5399050e-03
  -5.8778525e-03
  -7.0710678e-03
  -8.0901699e-03
  -8.9100652e-03
  -9.5105652e-03
  -9.8768834e-03
  -1.0000000e-02
  -9.8768834e-03
  -9.5105652e-03
  -8.9100652e-03
  -8.0901699e-03
  -7.0710678e-03
  -5.8778525e-03
  -4.5399050e-03
  -3.0901699e-03
  -1.5643447e-03
  -5.8783046e-17
   1.5643447e-03
   3.0901699e-03
   4.5399050e-03
   5.8778525e-03
   7.0710678e-03
   8.0901699e-03
   8.9100652e-03
   9.5105652e-03
   9.8768834e-03
   1.0000000e-02
   9.8768834e-03
   9.5105652e-03
   8.9100652e-03
   8.0901699e-03
   7.0710678e-03
   5.8778525e-03
   4.5399050e-03
   3.0901699e-03
   1.5643447e-03
  -1.1762799e-16
  -1.5643447e-03
  -3.0901699e-03
  -4.5399050e-03
  -5.8778525e-03
  -7.0710678e-03
  -8.0901699e-03
  -8.9100652e-03
  -9.5105652e-03
  -9.8768834e-03
  -1.0000000e-02
  -9.8768834e-03
  -9.5105652e-03
  -8.9100652e-03
  -8.0901699e-03
  -7.0710678e-03
  -5.8778525e-03
  -4.5399050e-03
  -3.0901699e-03
  -1.5643447e-03
   0.0000000e+00
   1.5643447e-03
   3.0901699e-03
   4.5399050e-03
   5.8778525e-03
   7.0710678e-03
   8.0901699e-03
   8.9100652e-03
   9.5105652e-03
   9.8768834e-03
   1.0000000e-02
   9.8768834e-03
   9.5105652e-03
   8.9100652e-03
   8.0901699e-03
   7.0710678e-03
   5.8778525e-03
   4.5399050e-03
   3.0901699e-03
   1.5643447e-03
   1.2246468e-18
  -1.5643447e-03
  -3.0901699e-03
  -4.5399050e-03
  -5.8778525e-03
  -7.0710678e-03
  -8.0901699e-03
  -8.9100652e-03
  -9.5105652e-03
  -9.8768834e-03
  -1.0000000e-02
  -9.8768834e-03
  -9.5105652e-03
  -8.9100652e-03
  -8.0901699e-03
  -7.0710678e-03
  -5.8778525e-03
  -4.5399050e-03
  -3.0901699e-03
  -1.5643447e-03
  -2.4492936e-18
   1.5643447e-03
   3.0901699e-03
   4.5399050e-03
   5.8778525e-03
   7.0710678e-03
   8.0901699e-03
   8.9100652e-03
   9.5105652e-03
   9.8768834e-03
   1.0000000e-02
   9.8768834e-03
   9.5105652e-03
   8.9100652e-03
   8.0901699e-03
   7.0710678e-03
   5.8778525e-03
   4.5399050e-03
   3.0901699e-03
   1.5643447e-03
   3.6739404e-18
  -1.5643447e-03
  -3.0901699e-03
  -4.5399050e-03
  -5.8778525e-03
  -7.0710678e-03
  -8.0901699e-03
  -8.9100652e-03
  -9.5105652e-03
  -9.8768834e-03
  -1.0000000e-02
  -9.8768834e-03
  -9.5105652e-03
  -8.9100652e-03
  -8.0901699e-03
  -7.0710678e-03
  -5.8778525e-03
  -4.5399050e-03
  -3.0901699e-03
  -1.5643447e-03
  -4.8985872e-18
   1.5643447e-03
   3.0901699e-03
   4.5399050e-03
   5.8778525e-03
   7.0710678e-03
   8.0901699e-03
   8.9100652e-03
   9.5105652e-03
   9.8768834e-03
   1.0000000e-02
   9.8768834e-03
   9.5105652e-03
   8.9100652e-03
   8.0901699e-03
   7.0710678e-03
   5.8778525e-03
   4.5399050e-03
   3.0901699e-03
   1.5643447e-03
  -1.1640334e-17
  -1.5643447e-03
  -3.0901699e-03
  -4.5399050e-03
  -5.8778525e-03
  -7.0710678e-03
  -8.0901699e-03
  -8.9100652e-03
  -9.5105652e-03
  -9.8768834e-03
  -1.0000000e-02
  -9.8768834e-03
  -9.5105652e-03
  -8.9100652e-03
  -8.0901699e-03
  -7.0710678e-03
  -5.8778525e-03
  -4.5399050e-03
  -3.0901699e-03
  -1.5643447e-03
  -7.3478808e-18
   1.5643447e-03
   3.0901699e-03
   4.5399050e-03
   5.8778525e-03
   7.0710678e-03
   8.0901699e-03
   8.9100652e-03
   9.5105652e-03
   9.8768834e-03
   1.0000000e-02
   9.8768834e-03
   9.5105652e-03
   8.9100652e-03
   8.0901699e-03
   7.0710678e-03
   5.8778525e-03
   4.5399050e-03
   3.0901699e-03
   1.5643447e-03
   8.5725276e-18
  -1.5643447e-03
  -3.0901699e-03
  -4.5399050e-03
  -5.8778525e-03
  -7.0710678e-03
  -8.0901699e-03
  -8.9100652e-03
  -9.5105652e-03
  -9.8768834e-03
  -1.0000000e-02
  -9.8768834e-03
  -9.5105652e-03
  -8.9100652e-03
  -8.0901699e-03
  -7.0710678e-03
  -5.8778525e-03
  -4.5399050e-03
  -3.0901699e-03
  -1.5643447e-03
  -9.7971744e-18
   1.5643447e-03
   3.0901699e-03
   4.5399050e-03
   5.8778525e-03
   7.0710678e-03
   8.0901699e-03
   8.9100652e-03
   9.5105652e-03
   9.8768834e-03
   1.0000000e-02
   9.8768834e-03
   9.5105652e-03
   8.9100652e-03
   8.0901699e-03
   7.0710678e-03
   5.8778525e-03
   4.5399050e-03
   3.0901699e-03
   1.5643447e-03
  -2.4505316e-17
  -1.5643447e-03
  -3.0901699e-03
  -4.5399050e-03
  -5.8778525e-03
  -7.0710678e-03
  -8.0901699e-03
  -8.9100652e-03
  -9.5105652e-03
  -9.8768834e-03
  -1.0000000e-02
  -9.8768834e-03
  -9.5105652e-03
  -8.9100652e-03
  -8.0901699e-03
  -7.0710678e-03
  -5.8778525e-03
  -4.5399050e-03
  -3.0901699e-03
  -1.5643447e-03
   2.3280669e-17
   1.5643447e-03
   3.0901699e-03
   4.5399050e-03
   5.8778525e-03
   7.0710678e-03
   8.0901699e-03
   8.9100652e-03
   9.5105652e-03
   9.8768834e-03
   1.0000000e-02
   9.8768834e-03
   9.5105652e-03
   8.9100652e-03
   8.0901699e-03
   7.0710678e-03
   5.8778525e-03
   4.5399050e-03
   3.0901699e-03
   1.5643447e-03
  -2.2056022e-17
  -1.5643447e-03
  -3.0901699e-03
  -4.5399050e-03
  -5.8778525e-03
  -7.0710678e-03
  -8.0901699e-03
  -8.9100652e-03
  -9.5105652e-03
  -9.8768834e-03
  -1.0000000e-02
  -9.8768834e-03
  -9.5105652e-03
  -8.9100652e-03
  -8.0901699e-03
  -7.0710678e-03
  -5.8778525e-03
  -4.5399050e-03
  -3.0901699e-03
  -1.5643447e-03
  -1.4695762e-17
   1.5643447e-03
   3.0901699e-03
   4.5399050e-03
   5.8778525e-03
   7.0710678e-03
   8.0901699e-03
   8.9100652e-03
   9.5105652e-03
   9.8768834e-03
   1.0000000e-02
   9.8768834e-03
   9.5105652e-03
   8.9100652e-03
   8.0901699e-03
   7.0710678e-03
   5.8778525e-03
   4.5399050e-03
   3.0901699e-03
   1.5643447e-03
  -1.9606728e-17
  -1.5643447e-03
  -3.0901699e-03
  -4.5399050e-03
  -5.8778525e-03
  -7.0710678e-03
  -8.0901699e-03
  -8.9100652e-03
  -9.5105652e-03
  -9.8768834e-03
  -1.0000000e-02
  -9.8768834e-03
  -9.5105652e-03
  -8.9100652e-03
  -8.0901699e-03
  -7.0710678e-03
  -5.8778525e-03
  -4.5399050e-03
  -3.0901699e-03
  -1.5643447e-03
  -1.7145055e-17
   1.5643447e-03
   3.0901699e-03
   4.5399050e-03
   5.8778525e-03
   7.0710678e-03
   8.0901699e-03
   8.9100652e-03
   9.5105652e-03
   9.8768834e-03
   1.0000000e-02
   9.8768834e-03
   9.5105652e-03
   8.9100652e-03
   8.0901699e-03
   7.0710678e-03
   5.8778525e-03
   4.5399050e-03
   3.0901699e-03
   1.5643447e-03
  -1.7157435e-17
  -1.5643447e-03
  -3.0901699e-03
  -4.5399050e-03
  -5.8778525e-03
  -7.0710678e-03
  -8.0901699e-03
  -8.9100652e-03
  -9.5105652e-03
  -9.8768834e-03
  -1.0000000e-02
  -9.8768834e-03
  -9.5105652e-03
  -8.9100652e-03
  -8.0901699e-03
  -7.0710678e-03
  -5.8778525e-03
  -4.5399050e-03
  -3.0901699e-03
  -1.5643447e-03
  -1.9594349e-17
   1.5643447e-03
   3.0901699e-03
   4.5399050e-03
   5.8778525e-03
   7.0710678e-03
   8.0901699e-03
   8.9100652e-03
   9.5105652e-03
   9.8768834e-03
   1.0000000e-02
   9.8768834e-03
   9.5105652e-03
   8.9100652e-03
   8.0901699e-03
   7.0710678e-03
   5.8778525e-03
   4.5399050e-03
   3.0901699e-03
   1.5643447e-03
  -1.4708141e-17
  -1.5643447e-03
  -3.0901699e-03
  -4.5399050e-03
  -5.8778525e-03
  -7.0710678e-03
  -8.0901699e-03
  -8.9100652e-03
  -9.5105652e-03
  -9.8768834e-03
  -1.0000000e-02
  -9.8768834e-03
  -9.5105652e-03
  -8.9100652e-03
  -8.0901699e-03
  -7.0710678e-03
  -5.8778525e-03
  -4.5399050e-03
  -3.0901699e-03
  -1.5643447e-03
   4.9010631e-17
   1.5643447e-03
   3.0901699e-03
   4.5399050e-03
   5.8778525e-03
   7.0710678e-03
   8.0901699e-03
   8.9100652e-03
   9.5105652e-03
   9.8768834e-03
   1.0000000e-02
   9.8768834e-03
   9.5105652e-03
   8.9100652e-03
   8.0901699e-03
   7.0710678e-03
   5.8778525e-03
   4.5399050e-03
   3.0901699e-03
   1.5643447e-03
  -1.2258848e-17
  -1.5643447e-03
  -3.0901699e-03
  -4.5399050e-03
  -5.8778525e-03
  -7.0710678e-03
  -8.0901699e-03
  -8.9100652e-03
  -9.5105652e-03
  -9.8768834e-03
  -1.0000000e-02
  -9.8768834e-03
  -9.5105652e-03
  -8.9100652e-03
  -8.0901699e-03
  -7.0710678e-03
  -5.8778525e-03
  -4.5399050e-03
  -3.0901699e-03
  -1.5643447e-03
   4.6561338e-17
   1.5643447e-03
   3.0901699e-03
   4.5399050e-03
   5.8778525e-03
   7.0710678e-03
   8.0901699e-03
   8.9100652e-03
   9.5105652e-03
   9.8768834e-03
   1.0000000e-02
   9.8768834e-03
   9.5105652e-03
   8.9100652e-03
   8.0901699e-03
   7.0710678e-03
   5.8778525e-03
   4.5399050e-03
   3.0901699e-03
   1.5643447e-03
  -9.8095540e-18
  -1.5643447e-03
  -3.0901699e-03
  -4.5399050e-03
  -5.8778525e-03
  -7.0710678e-03
  -8.0901699e-03
  -8.9100652e-03
  -9.5105652e-03
  -9.8768834e-03
  -1.0000000e-02
  -9.8768834e-03
  -9.5105652e-03
  -8.9100652e-03
  -8.0901699e-03
  -7.0710678e-03
  -5.8778525e-03
  -4.5399050e-03
  -3.0901699e-03
  -1.5643447e-03
   4.4112044e-17
   1.5643447e-03
   3.0901699e-03
   4.5399050e-03
   5.8778525e-03
   7.0710678e-03
   8.0901699e-03
   8.9100652e-03
   9.5105652e-03
   9.8768834e-03
   1.0000000e-02
   9.8768834e-03
   9.5105652e-03
   8.9100652e-03
   8.0901699e-03
   7.0710678e-03
   5.8778525e-03
   4.5399050e-03
   3.0901699e-03
   1.5643447e-03
  -7.8414534e-17
  -1.5643447e-03
  -3.0901699e-03
  -4.5399050e-03
  -5.8778525e-03
  -7.0710678e-03
  -8.0901699e-03
  -8.9100652e-03
  -9.5105652e-03
  -9.8768834e-03
  -1.0000000e-02
  -9.8768834e-03
  -9.5105652e-03
  -8.9100652e-03
  -8.0901699e-03
  -7.0710678e-03
  -5.8778525e-03
  -4.5399050e-03
  -3.0901699e-03
  -1.5643447e-03
  -2.9391523e-17
   1.5643447e-03
   3.0901699e-03
   4.5399050e-03
   5.8778525e-03
   7.0710678e-03
   8.0901699e-03
   8.9100652e-03
   9.5105652e-03
   9.8768834e-03
   1.0000000e-02
   9.8768834e-03
   9.5105652e-03
   8.9100652e-03
   8.0901699e-03
   7.0710678e-03
   5.8778525e-03
   4.5399050e-03
   3.0901699e-03
   1.5643447e-03
  -4.9109668e-18
  -1.5643447e-03
  -3.0901699e-03
  -4.5399050e-03
  -5.8778525e-03
  -7.0710678e-03
  -8.0901699e-03
  -8.9100652e-03
  -9.5105652e-03
  -9.8768834e-03
  -1.0000000e-02
  -9.8768834e-03
  -9.5105652e-03
  -8.9100652e-03
  -8.0901699e-03
  -7.0710678e-03
  -5.8778525e-03
  -4.5399050e-03
  -3.0901699e-03
  -1.5643447e-03
   3.9213457e-17
   1.5643447e-03
   3.0901699e-03
   4.5399050e-03
   5.8778525e-03
   7.0710678e-03
   8.0901699e-03
   8.9100652e-03
   9.5105652e-03
   9.8768834e-03
   1.0000000e-02
   9.8768834e-03
   9.5105652e-03
   8.9100652e-03
   8.0901699e-03
   7.0710678e-03
   5.8778525e-03
   4.5399050e-03
   3.0901699e-03
   1.5643447e-03
   6.8592600e-17
  -1.5643447e-03
  -3.0901699e-03
  -4.5399050e-03
  -5.8778525e-03
  -7.0710678e-03
  -8.0901699e-03
  -8.9100652e-03
  -9.5105652e-03
  -9.8768834e-03
  -1.0000000e-02
  -9.8768834e-03
  -9.5105652e-03
  -8.9100652e-03
  -8.0901699e-03
  -7.0710678e-03
  -5.8778525e-03
  -4.5399050e-03
  -3.0901699e-03
  -1.5643447e-03
  -3.4290110e-17
   1.5643447e-03
   3.0901699e-03
   4.5399050e-03
   5.8778525e-03
   7.0710678e-03
   8.0901699e-03
   8.9100652e-03
   9.5105652e-03
   9.8768834e-03
   1.0000000e-02
   9.8768834e-03
   9.5105652e-03
   8.9100652e-03
   8.0901699e-03
   7.0710678e-03
   5.8778525e-03
   4.5399050e-03
   3.0901699e-03
   1.5643447e-03
  -1.2379613e-20
  -1.5643447e-03
  -3.0901699e-03
  -4.5399050e-03
  -5.8778525e-03
  -7.0710678e-03
  -8.0901699e-03
  -8.9100652e-03
  -9.5105652e-03
  -9.8768834e-03
  -1.0000000e-02
  -9.8768834e-03
  -9.5105652e-03
  -8.9100652e-03
  -8.0901699e-03
  -7.0710678e-03
  -5.8778525e-03
  -4.5399050e-03
  -3.0901699e-03
  -1.5643447e-03
   3.4314870e-17
   1.5643447e-03
   3.0901699e-03
   4.5399050e-03
   5.8778525e-03
   7.0710678e-03
   8.0901699e-03
   8.9100652e-03
   9.5105652e-03
   9.8768834e-03
   1.0000000e-02
   9.8768834e-03
   9.5105652e-03
   8.9100652e-03
   8.0901699e-03
   7.0710678e-03
   5.8778525e-03
   4.5399050e-03
   3.0901699e-03
   1.5643447e-03
  -6.8617360e-17
  -1.5643447e-03
  -3.0901699e-03
  -4.5399050e-03
  -5.8778525e-03
  -7.0710678e-03
  -8.0901699e-03
  -8.9100652e-03
  -9.5105652e-03
  -9.8768834e-03
  -1.0000000e-02
  -9.8768834e-03
  -9.5105652e-03
  -8.9100652e-03
  -8.0901699e-03
  -7.0710678e-03
  -5.8778525e-03
  -4.5399050e-03
  -3.0901699e-03
  -1.5643447e-03
  -3.9188698e-17
   1.5643447e-03
   3.0901699e-03
   4.5399050e-03
   5.8778525e-03
   7.0710678e-03
   8.0901699e-03
   8.9100652e-03
   9.5105652e-03
   9.8768834e-03
   1.0000000e-02
   9.8768834e-03
   9.5105652e-03
   8.9100652e-03
   8.0901699e-03
   7.0710678e-03
   5.8778525e-03
   4.5399050e-03
   3.0901699e-03
   1.5643447e-03
   1.4699475e-16
  -1.5643447e-03
  -3.0901699e-03
  -4.5399050e-03
  -5.8778525e-03
  -7.0710678e-03
  -8.0901699e-03
  -8.9100652e-03
  -9.5105652e-03
  -9.8768834e-03
  -1.0000000e-02
  -9.8768834e-03
  -9.5105652e-03
  -8.9100652e-03
  -8.0901699e-03
  -7.0710678e-03
  -5.8778525e-03
  -4.5399050e-03
  -3.0901699e-03
  -1.5643447e-03
   2.9416282e-17
   1.5643447e-03
   3.0901699e-03
   4.5399050e-03
   5.8778525e-03
   7.0710678e-03
   8.0901699e-03
   8.9100652e-03
   9.5105652e-03
   9.8768834e-03
   1.0000000e-02
   9.8768834e-03
   9.5105652e-03
   8.9100652e-03
   8.0901699e-03
   7.0710678e-03
   5.8778525e-03
   4.5399050e-03
   3.0901699e-03
   1.5643447e-03
   7.8389775e-17
  -1.5643447e-03
  -3.0901699e-03
  -4.5399050e-03
  -5.8778525e-03
  -7.0710678e-03
  -8.0901699e-03
  -8.9100652e-03
  -9.5105652e-03
  -9.8768834e-03
  -1.0000000e-02
  -9.8768834e-03
  -9.5105652e-03
  -8.9100652e-03
  -8.0901699e-03
  -7.0710678e-03
  -5.8778525e-03
  -4.5399050e-03
  -3.0901699e-03
  -1.5643447e-03
   9.8021262e-17
   1.5643447e-03
   3.0901699e-03
   4.5399050e-03
   5.8778525e-03
   7.0710678e-03
   8.0901699e-03
   8.9100652e-03
   9.5105652e-03
   9.8768834e-03
   1.0000000e-02
   9.8768834e-03
   9.5105652e-03
   8.9100652e-03
   8.0901699e-03
   7.0710678e-03
   5.8778525e-03
   4.5399050e-03
   3.0901699e-03
   1.5643447e-03
   9.7847948e-18
  -1.5643447e-03
  -3.0901699e-03
  -4.5399050e-03
  -5.8778525e-03
  -7.0710678e-03
  -8.0901699e-03
  -8.9100652e-03
  -9.5105652e-03
  -9.8768834e-03
  -1.0000000e-02
  -9.8768834e-03
  -9.5105652e-03
  -8.9100652e-03
  -8.0901699e-03
  -7.0710678e-03
  -5.8778525e-03
  -4.5399050e-03
  -3.0901699e-03
  -1.5643447e-03
   2.4517695e-17
   1.5643447e-03
   3.0901699e-03
   4.5399050e-03
   5.8778525e-03
   7.0710678e-03
   8.0901699e-03
   8.9100652e-03
   9.5105652e-03
   9.8768834e-03
   1.0000000e-02
   9.8768834e-03
   9.5105652e-03
   8.9100652e-03
   8.0901699e-03
   7.0710678e-03
   5.8778525e-03
   4.5399050e-03
   3.0901699e-03
   1.5643447e-03
   8.3288362e-17
  -1.5643447e-03
  -3.0901699e-03
  -4.5399050e-03
  -5.8778525e-03
  -7.0710678e-03
  -8.0901699e-03
  -8.9100652e-03
  -9.5105652e-03
  -9.8768834e-03
  -1.0000000e-02
  -9.8768834e-03
  -9.5105652e-03
  -8.9100652e-03
  -8.0901699e-03
  -7.0710678e-03
  -5.8778525e-03
  -4.5399050e-03
  -3.0901699e-03
  -1.5643447e-03
   9.3122675e-17
   1.5643447e-03
   3.0901699e-03
   4.5399050e-03
   5.8778525e-03
   7.0710678e-03
   8.0901699e-03
   8.9100652e-03
   9.5105652e-03
   9.8768834e-03
   1.0000000e-02
   9.8768834e-03
   9.5105652e-03
   8.9100652e-03
   8.0901699e-03
   7.0710678e-03
   5.8778525e-03
   4.5399050e-03
   3.0901699e-03
   1.5643447e-03
   1.5679193e-16
  -1.5643447e-03
  -3.0901699e-03
  -4.5399050e-03
  -5.8778525e-03
  -7.0710678e-03
  -8.0901699e-03
  -8.9100652e-03
  -9.5105652e-03
  -9.8768834e-03
  -1.0000000e-02
  -9.8768834e-03
  -9.5105652e-03
  -8.9100652e-03
  -8.0901699e-03
  -7.0710678e-03
  -5.8778525e-03
  -4.5399050e-03
  -3.0901699e-03
  -1.5643447e-03
   1.9619108e-17
   1.5643447e-03
   3.0901699e-03
   4.5399050e-03
   5.8778525e-03
   7.0710678e-03
   8.0901699e-03
   8.9100652e-03
   9.5105652e-03
   9.8768834e-03
   1.0000000e-02
   9.8768834e-03
   9.5105652e-03
   8.9100652e-03
   8.0901699e-03
   7.0710678e-03
   5.8778525e-03
   4.5399050e-03
   3.0901699e-03
   1.5643447e-03
   8.8186949e-17
  -1.5643447e-03
  -3.0901699e-03
  -4.5399050e-03
  -5.8778525e-03
  -7.0710678e-03
  -8.0901699e-03
  -8.9100652e-03
  -9.5105652e-03
  -9.8768834e-03
  -1.0000000e-02
  -9.8768834e-03
  -9.5105652e-03
  -8.9100652e-03
  -8.0901699e-03
  -7.0710678e-03
  -5.8778525e-03
  -4.5399050e-03
  -3.0901699e-03
  -1.5643447e-03
   8.8224088e-17
   1.5643447e-03
   3.0901699e-03
   4.5399050e-03
   5.8778525e-03
   7.0710678e-03
   8.0901699e-03
   8.9100652e-03
   9.5105652e-03
   9.8768834e-03
   1.0000000e-02
   9.8768834e-03
   9.5105652e-03
   8.9100652e-03
   8.0901699e-03
   7.0710678e-03
   5.8778525e-03
   4.5399050e-03
   3.0901699e-03
   1.5643447e-03
   1.9581969e-17
  -1.5643447e-03
  -3.0901699e-03
  -4.5399050e-03
  -5.8778525e-03
  -7.0710678e-03
  -8.0901699e-03
  -8.9100652e-03
  -9.5105652e-03
  -9.8768834e-03
  -1.0000000e-02
  -9.8768834e-03
  -9.5105652e-03
  -8.9100652e-03
  -8.0901699e-03
  -7.0710678e-03
  -5.8778525e-03
  -4.5399050e-03
  -3.0901699e-03
  -1.5643447e-03
   1.5682907e-16
   1.5643447e-03
   3.0901699e-03
   4.5399050e-03
   5.8778525e-03
   7.0710678e-03
   8.0901699e-03
   8.9100652e-03
   9.5105652e-03
   9.8768834e-03
   1.0000000e-02
   9.8768834e-03
   9.5105652e-03
   8.9100652e-03
   8.0901699e-03
   7.0710678e-03
   5.8778525e-03
   4.5399050e-03
   3.0901699e-03
   1.5643447e-03
  -4.9023011e-17
  -1.5643447e-03
  -3.0901699e-03
  -4.5399050e-03
  -5.8778525e-03
  -7.0710678e-03
  -8.0901699e-03
  -8.9100652e-03
  -9.5105652e-03
  -9.8768834e-03
  -1.0000000e-02
  -9.8768834e-03
  -9.5105652e-03
  -8.9100652e-03
  -8.0901699e-03
  -7.0710678e-03
  -5.8778525e-03
  -4.5399050e-03
  -3.0901699e-03
  -1.5643447e-03
  -5.8783046e-17
   1.5643447e-03
   3.0901699e-03
   4.5399050e-03
   5.8778525e-03
   7.0710678e-03
   8.0901699e-03
   8.9100652e-03
   9.5105652e-03
   9.8768834e-03
   1.0000000e-02
   9.8768834e-03
   9.5105652e-03
   8.9100652e-03
   8.0901699e-03
   7.0710678e-03
   5.8778525e-03
   4.5399050e-03
   3.0901699e-03
   1.5643447e-03
  -1.1762799e-16
  -1.5643447e-03
  -3.0901699e-03
  -4.5399050e-03
  -5.8778525e-03
  -7.0710678e-03
  -8.0901699e-03
  -8.9100652e-03
  -9.5105652e-03
  -9.8768834e-03
  -1.0000000e-02
  -9.8768834e-03
  -9.5105652e-03
  -8.9100652e-03
  -8.0901699e-03
  -7.0710678e-03
  -5.8778525e-03
  -4.5399050e-03
  -3.0901699e-03
  -1.5643447e-03
   0.0000000e+00
   1.5643447e-03
   3.0901699e-03
   4.5399050e-03
   5.8778525e-03
   7.0710678e-03
   8.0901699e-03
   8.9100652e-03
   9.5105652e-03
   9.8768834e-03
   1.0000000e-02
   9.8768834e-03
   9.5105652e-03
   8.9100652e-03
   8.0901699e-03
   7.0710678e-03
   5.8778525e-03
   4.5399050e-03
   3.0901699e-03
   1.5643447e-03
   1.2246468e-18
  -1.5643447e-03
  -3.0901699e-03
  -4.5399050e-03
  -5.8778525e-03
  -7.0710678e-03
  -8.0901699e-03
  -8.9100652e-03
  -9.5105652e-03
  -9.8768834e-03
  -1.0000000e-02
  -9.8768834e-03
  -9.5105652e-03
  -8.9100652e-03
  -8.0901699e-03
  -7.0710678e-03
  -5.8778525e-03
  -4.5399050e-03
  -3.0901699e-03
  -1.5643447e-03
  -2.4492936e-18
   1.5643447e-03
   3.0901699e-03
   4.5399050e-03
   5.8778525e-03
   7.0710678e-03
   8.0901699e-03
   8.9100652e-03
   9.5105652e-03
   9.8768834e-03
   1.0000000e-02
   9.8768834e-03
   9.5105652e-03
   8.9100652e-03
   8.0901699e-03
   7.0710678e-03
   5.8778525e-03
   4.5399050e-03
   3.0901699e-03
   1.5643447e-03
   3.6739404e-18
  -1.5643447e-03
  -3.0901699e-03
  -4.5399050e-03
  -5.8778525e-03
  -7.0710678e-03
  -8.0901699e-03
  -8.9100652e-03
  -9.5105652e-03
  -9.8768834e-03
  -1.0000000e-02
  -9.8768834e-03
  -9.5105652e-03
  -8.9100652e-03
  -8.0901699e-03
  -7.0710678e-03
  -5.8778525e-03
  -4.5399050e-03
  -3.0901699e-03
  -1.5643447e-03
  -4.8985872e-18
   1.5643447e-03
   3.0901699e-03
   4.5399050e-03
   5.8778525e-03
   7.0710678e-03
   8.0901699e-03
   8.9100652e-03
   9.5105652e-03
   9.8768834e-03
   1.0000000e-02
   9.8768834e-03
   9.5105652e-03
   8.9100652e-03
   8.0901699e-03
   7.0710678e-03
   5.8778525e-03
   4.5399050e-03
   3.0901699e-03
   1.5643447e-03
  -1.1640334e-17
  -1.5643447e-03
  -3.0901699e-03
  -4.5399050e-03
  -5.8778525e-03
  -7.0710678e-03
  -8.0901699e-03
  -8.9100652e-03
  -9.5105652e-03
  -9.8768834e-03
  -1.0000000e-02
  -9.8768834e-03
  -9.5105652e-03
  -8.9100652e-03
  -8.0901699e-03
  -7.0710678e-03
  -5.8778525e-03
  -4.5399050e-03
  -3.0901699e-03
  -1.5643447e-03
  -7.3478808e-18
   1.5643447e-03
   3.0901699e-03
   4.5399050e-03
   5.8778525e-03
   7.0710678e-03
   8.0901699e-03
   8.9100652e-03
   9.5105652e-03
   9.8768834e-03
   1.0000000e-02
   9.8768834e-03
   9.5105652e-03
   8.9100652e-03
   8.0901699e-03
   7.0710678e-03
   5.8778525e-03
   4.5399050e-03
   3.0901699e-03
   1.5643447e-03
   8.5725276e-18
  -1.5643447e-03
  -3.0901699e-03
  -4.5399050e-03
  -5.8778525e-03
  -7.0710678e-03
  -8.0901699e-03
  -8.9100652e-03
  -9.5105652e-03
  -9.8768834e-03
  -1.0000000e-02
  -9.8768834e-03
  -9.5105652e-03
  -8.9100652e-03
  -8.0901699e-03
  -7.0710678e-03
  -5.8778525e-03
  -4.5399050e-03
  -3.0901699e-03
  -1.5643447e-03
  -9.7971744e-18
   1.5643447e-03
   3.0901699e-03
   4.5399050e-03
   5.8778525e-03
   7.0710678e-03
   8.0901699e-03
   8.9100652e-03
   9.5105652e-03
   9.8768834e-03
   1.0000000e-02
   9.8768834e-03
   9.5105652e-03
   8.9100652e-03
   8.0901699e-03
   7.0710678e-03
   5.8778525e-03
   4.5399050e-03
   3.0901699e-03
   1.5643447e-03
  -2.4505316e-17
  -1.5643447e-03
  -3.0901699e-03
  -4.5399050e-03
  -5.8778525e-03
  -7.0710678e-03
  -8.0901699e-03
  -8.9100652e-03
  -9.5105652e-03
  -9.8768834e-03
  -1.0000000e-02
  -9.8768834e-03
  -9.5105652e-03
  -8.9100652e-03
  -8.0901699e-03
  -7.0710678e-03
  -5.8778525e-03
  -4.5399050e-03
  -3.0901699e-03
  -1.5643447e-03
   2.3280669e-17
   1.5643447e-03
   3.0901699e-03
   4.5399050e-03
   5.8778525e-03
   7.0710678e-03
   8.0901699e-03
   8.9100652e-03
   9.5105652e-03
   9.8768834e-03
   1.0000000e-02
   9.8768834e-03
   9.5105652e-03
   8.9100652e-03
   8.0901699e-03
   7.0710678e-03
   5.8778525e-03
   4.5399050e-03
   3.0901699e-03
   1.5643447e-03
  -2.2056022e-17
  -1.5643447e-03
  -3.0901699e-03
  -4.5399050e-03
  -5.8778525e-03
  -7.0710678e-03
  -8.0901699e-03
  -8.9100652e-03
  -9.5105652e-03
  -9.8768834e-03
  -1.0000000e-02
  -9.8768834e-03
  -9.5105652e-03
  -8.9100652e-03
  -8.0901699e-03
  -7.0710678e-03
  -5.8778525e-03
  -4.5399050e-03
  -3.0901699e-03
  -1.5643447e-03
  -1.4695762e-17
   1.5643447e-03
   3.0901699e-03
   4.5399050e-03
   5.8778525e-03
   7.0710678e-03
   8.0901699e-03
   8.9100652e-03
   9.5105652e-03
   9.8768834e-03
   1.0000000e-02
   9.8768834e-03
   9.5105652e-03
   8.9100652e-03
   8.0901699e-03
   7.0710678e-03
   5.8778525e-03
   4.5399050e-03
   3.0901699e-03
   1.5643447e-03
  -1.9606728e-17
  -1.5643447e-03
  -3.0901699e-03
  -4.5399050e-03
  -5.8778525e-03
  -7.0710678e-03
  -8.0901699e-03
  -8.9100652e-03
  -9.5105652e-03
  -9.8768834e-03
  -1.0000000e-02
  -9.8768834e-03
  -9.5105652e-03
  -8.9100652e-03
  -8.0901699e-03
  -7.0710678e-03
  -5.8778525e-03
  -4.5399050e-03
  -3.0901699e-03
  -1.5643447e-03
  -1.7145055e-17
   1.5643447e-03
   3.0901699e-03
   4.5399050e-03
   5.8778525e-03
   7.0710678e-03
   8.0901699e-03
   8.9100652e-03
   9.5105652e-03
   9.8768834e-03
   1.0000000e-02
   9.8768834e-03
   9.5105652e-03
   8.9100652e-03
   8.0901699e-03
   7.0710678e-03
   5.8778525e-03
   4.5399050e-03
   3.0901699e-03
   1.5643447e-03
  -1.7157435e-17
  -1.5643447e-03
  -3.0901699e-03
  -4.5399050e-03
  -5.8778525e-03
  -7.0710678e-03
  -8.0901699e-03
  -8.9100652e-03
  -9.5105652e-03
  -9.8768834e-03
  -1.0000000e-02
  -9.8768834e-03
  -9.5105652e-03
  -8.9100652e-03
  -8.0901699e-03
  -7.0710678e-03
  -5.8778525e-03
  -4.5399050e-03
  -3.0901699e-03
  -1.5643447e-03
  -1.9594349e-17
   1.5643447e-03
   3.0901699e-03
   4.5399050e-03
   5.8778525e-03
   7.0710678e-03
   8.0901699e-03
   8.9100652e-03
   9.5105652e-03
   9.8768834e-03
   1.0000000e-02
   9.8768834e-03
   9.5105652e-03
   8.9100652e-03
   8.0901699e-03
   7.0710678e-03
   5.8778525e-03
   4.5399050e-03
   3.0901699e-03
   1.5643447e-03
  -1.4708141e-17
  -1.5643447e-03
  -3.0901699e-03
  -4.5399050e-03
  -5.8778525e-03
  -7.0710678e-03
  -8.0901699e-03
  -8.9100652e-03
  -9.5105652e-03
  -9.8768834e-03
  -1.0000000e-02
  -9.8768834e-03
  -9.5105652e-03
  -8.9100652e-03
  -8.0901699e-03
  -7.0710678e-03
  -5.8778525e-03
  -4.5399050e-03
  -3.0901699e-03
  -1.5643447e-03
   4.9010631e-17
   1.5643447e-03
   3.0901699e-03
   4.5399050e-03
   5.8778525e-03
   7.0710678e-03
   8.0901699e-03
   8.9100652e-03
   9.5105652e-03
   9.8768834e-03
   1.0000000e-02
   9.8768834e-03
   9.5105652e-03
   8.9100652e-03
   8.0901699e-03
   7.0710678e-03
   5.8778525e-03
   4.5399050e-03
   3.0901699e-03
   1.5643447e-03
  -1.2258848e-17
  -1.5643447e-03
  -3.0901699e-03
  -4.5399050e-03
  -5.8778525e-03
  -7.0710678e-03
  -8.0901699e-03
  -8.9100652e-03
  -9.5105652e-03
  -9.8768834e-03
  -1.0000000e-02
  -9.8768834e-03
  -9.5105652e-03
  -8.9100652e-03
  -8.0901699e-03
  -7.0710678e-03
  -5.8778525e-03
  -4.5399050e-03
  -3.0901699e-03
  -1.5643447e-03
   4.6561338e-17
   1.5643447e-03
   3.0901699e-03
   4.5399050e-03
   5.8778525e-03
   7.0710678e-03
   8.0901699e-03
   8.9100652e-03
   9.5105652e-03
   9.8768834e-03
   1.0000000e-02
   9.8768834e-03
   9.5105652e-03
   8.9100652e-03
   8.0901699e-03
   7.0710678e-03
   5.8778525e-03
   4.5399050e-03
   3.0901699e-03
   1.5643447e-03
  -9.8095540e-18
  -1.5643447e-03
  -3.0901699e-03
  -4.5399050e-03
  -5.8778525e-03
  -7.0710678e-03
  -8.0901699e-03
  -8.9100652e-03
  -9.5105652e-03
  -9.8768834e-03
  -1.0000000e-02
  -9.8768834e-03
  -9.5105652e-03
  -8.9100652e-03
  -8.0901699e-03
  -7.0710678e-03
  -5.8778525e-03
  -4.5399050e-03
  -3.0901699e-03
  -1.5643447e-03
   4.4112044e-17
   1.5643447e-03
   3.0901699e-03
   4.5399050e-03
   5.8778525e-03
   7.0710678e-03
   8.0901699e-03
   8.9100652e-03
   9.5105652e-03
   9.8768834e-03
   1.0000000e-02
   9.8768834e-03
   9.5105652e-03
   8.9100652e-03
   8.0901699e-03
   7.0710678e-03
   5.8778525e-03
   4.5399050e-03
   3.0901699e-03
   1.5643447e-03
  -7.8414534e-17
  -1.5643447e-03
  -3.0901699e-03
  -4.5399050e-03
  -5.8778525e-03
  -7.0710678e-03
  -8.0901699e-03
  -8.9100652e-03
  -9.5105652e-03
  -9.8768834e-03
  -1.0000000e-02
  -9.8768834e-03
  -9.5105652e-03
  -8.9100652e-03
  -8.0901699e-03
  -7.0710678e-03
  -5.8778525e-03
  -4.5399050e-03
  -3.0901699e-03
  -1.5643447e-03
  -2.9391523e-17
   1.5643447e-03
   3.0901699e-03
   4.5399050e-03
   5.8778525e-03
   7.0710678e-03
   8.0901699e-03
   8.9100652e-03
   9.5105652e-03
   9.8768834e-03
   1.0000000e-02
   9.8768834e-03
   9.5105652e-03
   8.9100652e-03
   8.0901699e-03
   7.0710678e-03
   5.8778525e-03
   4.5399050e-03
   3.0901699e-03
   1.5643447e-03
  -4.9109668e-18
  -1.5643447e-03
  -3.0901699e-03
  -4.5399050e-03
  -5.8778525e-03
  -7.0710678e-03
  -8.0901699e-03
  -8.9100652e-03
  -9.5105652e-03
  -9.8768834e-03
  -1.0000000e-02
  -9.8768834e-03
  -9.5105652e-03
  -8.9100652e-03
  -8.0901699e-03
  -7.0710678e-03
  -5.8778525e-03
  -4.5399050e-03
  -3.0901699e-03
  -1.5643447e-03
   3.9213457e-17
   1.5643447e-03
   3.0901699e-03
   4.5399050e-03
   5.8778525e-03
   7.0710678e-03
   8.0901699e-03
   8.9100652e-03
   9.5105652e-03
   9.8768834e-03
   1.0000000e-02
   9.8768834e-03
   9.5105652e-03
   8.9100652e-03
   8.0901699e-03
   7.0710678e-03
   5.8778525e-03
   4.5399050e-03
   3.0901699e-03
   1.5643447e-03
   6.8592600e-17
  -1.5643447e-03
  -3.0901699e-03
  -4.5399050e-03
  -5.8778525e-03
  -7.0710678e-03
  -8.0901699e-03
  -8.9100652e-03
  -9.5105652e-03
  -9.8768834e-03
  -1.0000000e-02
  -9.8768834e-03
  -9.5105652e-03
  -8.9100652e-03
  -8.0901699e-03
  -7.0710678e-03
  -5.8778525e-03
  -4.5399050e-03
  -3.0901699e-03
  -1.5643447e-03
  -3.4290110e-17
   1.5643447e-03
   3.0901699e-03
   4.5399050e-03
   5.8778525e-03
   7.0710678e-03
   8.0901699e-03
   8.9100652e-03
   9.5105652e-03
   9.8768834e-03
   1.0000000e-02
   9.8768834e-03
   9.5105652e-03
   8.9100652e-03
   8.0901699e-03
   7.0710678e-03
   5.8778525e-03
   4.5399050e-03
   3.0901699e-03
   1.5643447e-03
  -1.2379613e-20
  -1.5643447e-03
  -3.0901699e-03
  -4.5399050e-03
  -5.8778525e-03
  -7.0710678e-03
  -8.0901699e-03
  -8.9100652e-03
  -9.5105652e-03
  -9.8768834e-03
  -1.0000000e-02
  -9.8768834e-03
  -9.5105652e-03
  -8.9100652e-03
  -8.0901699e-03
  -7.0710678e-03
  -5.8778525e-03
  -4.5399050e-03
  -3.0901699e-03
  -1.5643447e-03
   3.4314870e-17
   1.5643447e-03
   3.0901699e-03
   4.5399050e-03
   5.8778525e-03
   7.0710678e-03
   8.0901699e-03
   8.9100652e-03
   9.5105652e-03
   9.8768834e-03
   1.0000000e-02
   9.8768834e-03
   9.5105652e-03
   8.9100652e-03
   8.0901699e-03
   7.0710678e-03
   5.8778525e-03
   4.5399050e-03
   3.0901699e-03
   1.5643447e-03
  -6.8617360e-17
  -1.5643447e-03
  -3.0901699e-03
  -4.5399050e-03
  -5.8778525e-03
  -7.0710678e-03
  -8.0901699e-03
  -8.9100652e-03
  -9.5105652e-03
  -9.8768834e-03
  -1.0000000e-02
  -9.8768834e-03
  -9.5105652e-03
  -8.9100652e-03
  -8.0901699e-03
  -7.0710678e-03
  -5.8778525e-03
  -4.5399050e-03
  -3.0901699e-03
  -1.5643447e-03
  -3.9188698e-17
   1.5643447e-03
   3.0901699e-03
   4.5399050e-03
   5.8778525e-03
   7.0710678e-03
   8.0901699e-03
   8.9100652e-03
   9.5105652e-03
   9.8768834e-03
   1.0000000e-02
   9.8768834e-03
   9.5105652e-03
   8.9100652e-03
   8.0901699e-03
   7.0710678e-03
   5.8778525e-03
   4.5399050e-03
   3.0901699e-03
   1.5643447e-03
   1.4699475e-16
  -1.5643447e-03
  -3.0901699e-03
  -4.5399050e-03
  -5.8778525e-03
  -7.0710678e-03
  -8.0901699e-03
  -8.9100652e-03
  -9.5105652e-03
  -9.8768834e-03
  -1.0000000e-02
  -9.8768834e-03
  -9.5105652e-03
  -8.9100652e-03
  -8.0901699e-03
  -7.0710678e-03
  -5.8778525e-03
  -4.5399050e-03
  -3.0901699e-03
  -1.5643447e-03
   2.9416282e-17
   1.5643447e-03
   3.0901699e-03
   4.5399050e-03
   5.8778525e-03
   7.0710678e-03
   8.0901699e-03
   8.9100652e-03
   9.5105652e-03
   9.8768834e-03
   1.0000000e-02
   9.8768834e-03
   9.5105652e-03
   8.9100652e-03
   8.0901699e-03
   7.0710678e-03
   5.8778525e-03
   4.5399050e-03
   3.0901699e-03
   1.5643447e-03
   7.8389775e-17
  -1.5643447e-03
  -3.0901699e-03
  -4.5399050e-03
  -5.8778525e-03
  -7.0710678e-03
  -8.0901699e-03
  -8.9100652e-03
  -9.5105652e-03
  -9.8768834e-03
  -1.0000000e-02
  -9.8768834e-03
  -9.5105652e-03
  -8.9100652e-03
  -8.0901699e-03
  -7.0710678e-03
  -5.8778525e-03
  -4.5399050e-03
  -3.0901699e-03
  -1.5643447e-03
   9.8021262e-17
   1.5643447e-03
   3.0901699e-03
   4.5399050e-03
   5.8778525e-03
   7.0710678e-03
   8.0901699e-03
   8.9100652e-03
   9.5105652e-03
   9.8768834e-03
   1.0000000e-02
   9.8768834e-03
   9.5105652e-03
   8.9100652e-03
   8.0901699e-03
   7.0710678e-03
   5.8778525e-03
   4.5399050e-03
   3.0901699e-03
   1.5643447e-03
   9.7847948e-18
  -1.5643447e-03
  -3.0901699e-03
  -4.5399050e-03
  -5.8778525e-03
  -7.0710678e-03
  -8.0901699e-03
  -8.9100652e-03
  -9.5105652e-03
  -9.8768834e-03
  -1.0000000e-02
  -9.8768834e-03
  -9.5105652e-03
  -8.9100652e-03
  -8.0901699e-03
  -7.0710678e-03
  -5.8778525e-03
  -4.5399050e-03
  -3.0901699e-03
  -1.5643447e-03
   2.4517695e-17
   1.5643447e-03
   3.0901699e-03
   4.5399050e-03
   5.8778525e-03
   7.0710678e-03
   8.0901699e-03
   8.9100652e-03
   9.5105652e-03
   9.8768834e-03
   1.0000000e-02
   9.8768834e-03
   9.5105652e-03
   8.9100652e-03
   8.0901699e-03
   7.0710678e-03
   5.8778525e-03
   4.5399050e-03
   3.0901699e-03
   1.5643447e-03
   8.3288362e-17
  -1.5643447e-03
  -3.0901699e-03
  -4.5399050e-03
  -5.8778525e-03
  -7.0710678e-03
  -8.0901699e-03
  -8.9100652e-03
  -9.5105652e-03
  -9.8768834e-03
  -1.0000000e-02
  -9.8768834e-03
  -9.5105652e-03
  -8.9100652e-03
  -8.0901699e-03
  -7.0710678e-03
  -5.8778525e-03
  -4.5399050e-03
  -3.0901699e-03
  -1.5643447e-03
   9.3122675e-17
   1.5643447e-03
   3.0901699e-03
   4.5399050e-03
   5.8778525e-03
   7.0710678e-03
   8.0901699e-03
   8.9100652e-03
   9.5105652e-03
   9.8768834e-03
   1.0000000e-02
   9.8768834e-03
   9.5105652e-03
   8.9100652e-03
   8.0901699e-03
   7.0710678e-03
   5.8778525e-03
   4.5399050e-03
   3.0901699e-03
   1.5643447e-03
   1.5679193e-16
  -1.5643447e-03
  -3.0901699e-03
  -4.5399050e-03
  -5.8778525e-03
  -7.0710678e-03
  -8.0901699e-03
  -8.9100652e-03
  -9.5105652e-03
  -9.8768834e-03
  -1.0000000e-02
  -9.8768834e-03
  -9.5105652e-03
  -8.9100652e-03
  -8.0901699e-03
  -7.0710678e-03
  -5.8778525e-03
  -4.5399050e-03
  -3.0901699e-03
  -1.5643447e-03
   1.9619108e-17
   1.5643447e-03
   3.0901699e-03
   4.5399050e-03
   5.8778525e-03
   7.0710678e-03
   8.0901699e-03
   8.9100652e-03
   9.5105652e-03
   9.8768834e-03
   1.0000000e-02
   9.8768834e-03
   9.5105652e-03
   8.9100652e-03
   8.0901699e-03
   7.0710678e-03
   5.8778525e-03
   4.5399050e-03
   3.0901699e-03
   1.5643447e-03
   8.8186949e-17
  -1.5643447e-03
  -3.0901699e-03
  -4.5399050e-03
  -5.8778525e-03
  -7.0710678e-03
  -8.0901699e-03
  -8.9100652e-03
  -9.5105652e-03
  -9.8768834e-03
  -1.0000000e-02
  -9.8768834e-03
  -9.5105652e-03
  -8.9100652e-03
  -8.0901699e-03
  -7.0710678e-03
  -5.8778525e-03
  -4.5399050e-03
  -3.0901699e-03
  -1.5643447e-03
   8.8224088e-17
   1.5643447e-03
   3.0901699e-03
   4.5399050e-03
   5.8778525e-03
   7.0710678e-03
   8.0901699e-03
   8.9100652e-03
   9.5105652e-03
   9.8768834e-03
   1.0000000e-02
   9.8768834e-03
   9.5105652e-03
   8.9100652e-03
   8.0901699e-03
   7.0710678e-03
   5.8778525e-03
   4.5399050e-03
   3.0901699e-03
   1.5643447e-03
   1.9581969e-17
  -1.5643447e-03
  -3.0901699e-03
  -4.5399050e-03
  -5.8778525e-03
  -7.0710678e-03
  -8.0901699e-03
  -8.9100652e-03
  -9.5105652e-03
  -9.8768834e-03
  -1.0000000e-02
  -9.8768834e-03
  -9.5105652e-03
  -8.9100652e-03
  -8.0901699e-03
  -7.0710678e-03
  -5.8778525e-03
  -4.5399050e-03
  -3.0901699e-03
  -1.5643447e-03
   1.5682907e-16
   1.5643447e-03
   3.0901699e-03
   4.5399050e-03
   5.8778525e-03
   7.0710678e-03
   8.0901699e-03
   8.9100652e-03
   9.5105652e-03
   9.8768834e-03
   1.0000000e-02
   9.8768834e-03
   9.5105652e-03
   8.9100652e-03
   8.0901699e-03
   7.0710678e-03
   5.8778525e-03
   4.5399050e-03
   3.0901699e-03
   1.5643447e-03
  -4.9023011e-17
  -1.5643447e-03
  -3.0901699e-03
  -4.5399050e-03
  -5.8778525e-03
  -7.0710678e-03
  -8.0901699e-03
  -8.9100652e-03
  -9.5105652e-03
  -9.8768834e-03
  -1.0000000e-02
  -9.8768834e-03
  -9.5105652e-03
  -8.9100652e-03
  -8.0901699e-03
  -7.0710678e-03
  -5.8778525e-03
  -4.5399050e-03
  -3.0901699e-03
  -1.5643447e-03
  -5.8783046e-17
   1.5643447e-03
   3.0901699e-03
   4.5399050e-03
   5.8778525e-03
   7.0710678e-03
   8.0901699e-03
   8.9100652e-03
   9.5105652e-03
   9.8768834e-03
   1.0000000e-02
   9.8768834e-03
   9.5105652e-03
   8.9100652e-03
   8.0901699e-03
   7.0710678e-03
   5.8778525e-03
   4.5399050e-03
   3.0901699e-03
   1.5643447e-03
  -1.1762799e-16
  -1.5643447e-03
  -3.0901699e-03
  -4.5399050e-03
  -5.8778525e-03
  -7.0710678e-03
  -8.0901699e-03
  -8.9100652e-03
  -9.5105652e-03
  -9.8768834e-03
  -1.0000000e-02
  -9.8768834e-03
  -9.5105652e-03
  -8.9100652e-03
  -8.0901699e-03
  -7.0710678e-03
  -5.8778525e-03
  -4.5399050e-03
  -3.0901699e-03
  -1.5643447e-03
