   0.0000000e+00
   9.4108313e-04
   1.8738131e-03
   2.7899111e-03
   3.6812455e-03
   4.5399050e-03
   5.3582679e-03
   6.1290705e-03
   6.8454711e-03
   7.5011107e-03
   8.0901699e-03
   8.6074203e-03
   9.0482705e-03
   9.4088077e-03
   9.6858316e-03
   9.8768834e-03
   9.9802673e-03
   9.9950656e-03
   9.9211470e-03
   9.7591676e-03
   9.5105652e-03
   9.1775463e-03
   8.7630668e-03
   8.2708057e-03
   7.7051324e-03
   7.0710678e-03
   6.3742399e-03
   5.6208338e-03
   4.8175367e-03
   3.9714789e-03
   3.0901699e-03
   2.1814324e-03
   1.2533323e-03
   3.1410759e-04
  -6.2790520e-04
  -1.5643447e-03
  -2.4868989e-03
  -3.3873792e-03
  -4.2577929e-03
  -5.0904142e-03
  -5.8778525e-03
  -6.6131187e-03
  -7.2896863e-03
  -7.9015501e-03
  -8.4432793e-03
  -8.9100652e-03
  -9.2977649e-03
  -9.6029369e-03
  -9.8228725e-03
  -9.9556196e-03
  -1.0000000e-02
  -9.9556196e-03
  -9.8228725e-03
  -9.6029369e-03
  -9.2977649e-03
  -8.9100652e-03
  -8.4432793e-03
  -7.9015501e-03
  -7.2896863e-03
  -6.6131187e-03
  -5.8778525e-03
  -5.0904142e-03
  -4.2577929e-03
  -3.3873792e-03
  -2.4868989e-03
  -1.5643447e-03
  -6.2790520e-04
   3.1410759e-04
   1.2533323e-03
   2.1814324e-03
   3.0901699e-03
   3.9714789e-03
   4.8175367e-03
   5.6208338e-03
   6.3742399e-03
   7.0710678e-03
   7.7051324e-03
   8.2708057e-03
   8.7630668e-03
   9.1775463e-03
   9.5105652e-03
   9.7591676e-03
   9.9211470e-03
   9.9950656e-03
   9.9802673e-03
   9.8768834e-03
   9.6858316e-03
   9.4088077e-03
   9.0482705e-03
   8.6074203e-03
   8.0901699e-03
   7.5011107e-03
   6.8454711e-03
   6.1290705e-03
   5.3582679e-03
   4.5399050e-03
   3.6812455e-03
   2.7899111e-03
   1.8738131e-03
   9.4108313e-04
   3.6739404e-18
  -9.4108313e-04
  -1.8738131e-03
  -2.7899111e-03
  -3.6812455e-03
  -4.5399050e-03
  -5.3582679e-03
  -6.1290705e-03
  -6.8454711e-03
  -7.5011107e-03
  -8.0901699e-03
  -8.6074203e-03
  -9.0482705e-03
  -9.4088077e-03
  -9.6858316e-03
  -9.8768834e-03
  -9.9802673e-03
  -9.9950656e-03
  -9.9211470e-03
  -9.7591676e-03
  -9.5105652e-03
  -9.1775463e-03
  -8.7630668e-03
  -8.2708057e-03
  -7.7051324e-03
  -7.0710678e-03
  -6.3742399e-03
  -5.6208338e-03
  -4.8175367e-03
  -3.9714789e-03
  -3.0901699e-03
  -2.1814324e-03
  -1.2533323e-03
  -3.1410759e-04
   6.2790520e-04
   1.5643447e-03
   2.4868989e-03
   3.3873792e-03
   4.2577929e-03
   5.0904142e-03
   5.8778525e-03
   6.6131187e-03
   7.2896863e-03
   7.9015501e-03
   8.4432793e-03
   8.9100652e-03
   9.2977649e-03
   9.6029369e-03
   9.8228725e-03
   9.9556196e-03
   1.0000000e-02
   9.9556196e-03
   9.8228725e-03
   9.6029369e-03
   9.2977649e-03
   8.9100652e-03
   8.4432793e-03
   7.9015501e-03
   7.2896863e-03
   6.6131187e-03
   5.8778525e-03
   5.0904142e-03
   4.2577929e-03
   3.3873792e-03
   2.4868989e-03
   1.5643447e-03
   6.2790520e-04
  -3.1410759e-04
  -1.2533323e-03
  -2.1814324e-03
  -3.0901699e-03
  -3.9714789e-03
  -4.8175367e-03
  -5.6208338e-03
  -6.3742399e-03
  -7.0710678e-03
  -7.7051324e-03
  -8.2708057e-03
  -8.7630668e-03
  -9.1775463e-03
  -9.5105652e-03
  -9.7591676e-03
  -9.9211470e-03
  -9.9950656e-03
  -9.9802673e-03
  -9.8768834e-03
  -9.6858316e-03
  -9.4088077e-03
  -9.0482705e-03
  -8.6074203e-03
  -8.0901699e-03
  -7.5011107e-03
  -6.8454711e-03
  -6.1290705e-03
  -5.3582679e-03
  -4.5399050e-03
  -3.6812455e-03
  -2.7899111e-03
  -1.8738131e-03
  -9.4108313e-04
  -7.3478808e-18
   9.4108313e-04
   1.8738131e-03
   2.7899111e-03
   3.6812455e-03
   4.5399050e-03
   5.3582679e-03
   6.1290705e-03
   6.8454711e-03
   7.5011107e-03
   8.0901699e-03
   8.6074203e-03
   9.0482705e-03
   9.4088077e-03
   9.6858316e-03
   9.8768834e-03
   9.9802673e-03
   9.9950656e-03
   9.9211470e-03
   9.7591676e-03
   9.5105652e-03
   9.1775463e-03
   8.7630668e-03
   8.2708057e-03
   7.7051324e-03
   7.0710678e-03
   6.3742399e-03
   5.6208338e-03
   4.8175367e-03
   3.9714789e-03
   3.0901699e-03
   2.1814324e-03
   1.2533323e-03
   3.1410759e-04
  -6.2790520e-04
  -1.5643447e-03
  -2.4868989e-03
  -3.3873792e-03
  -4.2577929e-03
  -5.0904142e-03
  -5.8778525e-03
  -6.6131187e-03
  -7.2896863e-03
  -7.9015501e-03
  -8.4432793e-03
  -8.9100652e-03
  -9.2977649e-03
  -9.6029369e-03
  -9.8228725e-03
  -9.9556196e-03
  -1.0000000e-02
  -9.9556196e-03
  -9.8228725e-03
  -9.6029369e-03
  -9.2977649e-03
  -8.9100652e-03
  -8.4432793e-03
  -7.9015501e-03
  -7.2896863e-03
  -6.6131187e-03
  -5.8778525e-03
  -5.0904142e-03
  -4.2577929e-03
  -3.3873792e-03
  -2.4868989e-03
  -1.5643447e-03
  -6.2790520e-04
   3.1410759e-04
   1.2533323e-03
   2.1814324e-03
   3.0901699e-03
   3.9714789e-03
   4.8175367e-03
   5.6208338e-03
   6.3742399e-03
   7.0710678e-03
   7.7051324e-03
   8.2708057e-03
   8.7630668e-03
   9.1775463e-03
   9.5105652e-03
   9.7591676e-03
   9.9211470e-03
   9.9950656e-03
   9.9802673e-03
   9.8768834e-03
   9.6858316e-03
   9.4088077e-03
   9.0482705e-03
   8.6074203e-03
   8.0901699e-03
   7.5011107e-03
   6.8454711e-03
   6.1290705e-03
   5.3582679e-03
   4.5399050e-03
   3.6812455e-03
   2.7899111e-03
   1.8738131e-03
   9.4108313e-04
   1.1021821e-17
  -9.4108313e-04
  -1.8738131e-03
  -2.7899111e-03
  -3.6812455e-03
  -4.5399050e-03
  -5.3582679e-03
  -6.1290705e-03
  -6.8454711e-03
  -7.5011107e-03
  -8.0901699e-03
  -8.6074203e-03
  -9.0482705e-03
  -9.4088077e-03
  -9.6858316e-03
  -9.8768834e-03
  -9.9802673e-03
  -9.9950656e-03
  -9.9211470e-03
  -9.7591676e-03
  -9.5105652e-03
  -9.1775463e-03
  -8.7630668e-03
  -8.2708057e-03
  -7.7051324e-03
  -7.0710678e-03
  -6.3742399e-03
  -5.6208338e-03
  -4.8175367e-03
  -3.9714789e-03
  -3.0901699e-03
  -2.1814324e-03
  -1.2533323e-03
  -3.1410759e-04
   6.2790520e-04
   1.5643447e-03
   2.4868989e-03
   3.3873792e-03
   4.2577929e-03
   5.0904142e-03
   5.8778525e-03
   6.6131187e-03
   7.2896863e-03
   7.9015501e-03
   8.4432793e-03
   8.9100652e-03
   9.2977649e-03
   9.6029369e-03
   9.8228725e-03
   9.9556196e-03
   1.0000000e-02
   9.9556196e-03
   9.8228725e-03
   9.6029369e-03
   9.2977649e-03
   8.9100652e-03
   8.4432793e-03
   7.9015501e-03
   7.2896863e-03
   6.6131187e-03
   5.8778525e-03
   5.0904142e-03
   4.2577929e-03
   3.3873792e-03
   2.4868989e-03
   1.5643447e-03
   6.2790520e-04
  -3.1410759e-04
  -1.2533323e-03
  -2.1814324e-03
  -3.0901699e-03
  -3.9714789e-03
  -4.8175367e-03
  -5.6208338e-03
  -6.3742399e-03
  -7.0710678e-03
  -7.7051324e-03
  -8.2708057e-03
  -8.7630668e-03
  -9.1775463e-03
  -9.5105652e-03
  -9.7591676e-03
  -9.9211470e-03
  -9.9950656e-03
  -9.9802673e-03
  -9.8768834e-03
  -9.6858316e-03
  -9.4088077e-03
  -9.0482705e-03
  -8.6074203e-03
  -8.0901699e-03
  -7.5011107e-03
  -6.8454711e-03
  -6.1290705e-03
  -5.3582679e-03
  -4.5399050e-03
  -3.6812455e-03
  -2.7899111e-03
  -1.8738131e-03
  -9.4108313e-04
  -1.4695762e-17
   9.4108313e-04
   1.8738131e-03
   2.7899111e-03
   3.6812455e-03
   4.5399050e-03
   5.3582679e-03
   6.1290705e-03
   6.8454711e-03
   7.5011107e-03
   8.0901699e-03
   8.6074203e-03
   9.0482705e-03
   9.4088077e-03
   9.6858316e-03
   9.8768834e-03
   9.9802673e-03
   9.9950656e-03
   9.9211470e-03
   9.7591676e-03
   9.5105652e-03
   9.1775463e-03
   8.7630668e-03
   8.2708057e-03
   7.7051324e-03
   7.0710678e-03
   6.3742399e-03
   5.6208338e-03
   4.8175367e-03
   3.9714789e-03
   3.0901699e-03
   2.1814324e-03
   1.2533323e-03
   3.1410759e-04
  -6.2790520e-04
  -1.5643447e-03
  -2.4868989e-03
  -3.3873792e-03
  -4.2577929e-03
  -5.0904142e-03
  -5.8778525e-03
  -6.6131187e-03
  -7.2896863e-03
  -7.9015501e-03
  -8.4432793e-03
  -8.9100652e-03
  -9.2977649e-03
  -9.6029369e-03
  -9.8228725e-03
  -9.9556196e-03
  -1.0000000e-02
  -9.9556196e-03
  -9.8228725e-03
  -9.6029369e-03
  -9.2977649e-03
  -8.9100652e-03
  -8.4432793e-03
  -7.9015501e-03
  -7.2896863e-03
  -6.6131187e-03
  -5.8778525e-03
  -5.0904142e-03
  -4.2577929e-03
  -3.3873792e-03
  -2.4868989e-03
  -1.5643447e-03
  -6.2790520e-04
   3.1410759e-04
   1.2533323e-03
   2.1814324e-03
   3.0901699e-03
   3.9714789e-03
   4.8175367e-03
   5.6208338e-03
   6.3742399e-03
   7.0710678e-03
   7.7051324e-03
   8.2708057e-03
   8.7630668e-03
   9.1775463e-03
   9.5105652e-03
   9.7591676e-03
   9.9211470e-03
   9.9950656e-03
   9.9802673e-03
   9.8768834e-03
   9.6858316e-03
   9.4088077e-03
   9.0482705e-03
   8.6074203e-03
   8.0901699e-03
   7.5011107e-03
   6.8454711e-03
   6.1290705e-03
   5.3582679e-03
   4.5399050e-03
   3.6812455e-03
   2.7899111e-03
   1.8738131e-03
   9.4108313e-04
   5.3896839e-17
  -9.4108313e-04
  -1.8738131e-03
  -2.7899111e-03
  -3.6812455e-03
  -4.5399050e-03
  -5.3582679e-03
  -6.1290705e-03
  -6.8454711e-03
  -7.5011107e-03
  -8.0901699e-03
  -8.6074203e-03
  -9.0482705e-03
  -9.4088077e-03
  -9.6858316e-03
  -9.8768834e-03
  -9.9802673e-03
  -9.9950656e-03
  -9.9211470e-03
  -9.7591676e-03
  -9.5105652e-03
  -9.1775463e-03
  -8.7630668e-03
  -8.2708057e-03
  -7.7051324e-03
  -7.0710678e-03
  -6.3742399e-03
  -5.6208338e-03
  -4.8175367e-03
  -3.9714789e-03
  -3.0901699e-03
  -2.1814324e-03
  -1.2533323e-03
  -3.1410759e-04
   6.2790520e-04
   1.5643447e-03
   2.4868989e-03
   3.3873792e-03
   4.2577929e-03
   5.0904142e-03
   5.8778525e-03
   6.6131187e-03
   7.2896863e-03
   7.9015501e-03
   8.4432793e-03
   8.9100652e-03
   9.2977649e-03
   9.6029369e-03
   9.8228725e-03
   9.9556196e-03
   1.0000000e-02
   9.9556196e-03
   9.8228725e-03
   9.6029369e-03
   9.2977649e-03
   8.9100652e-03
   8.4432793e-03
   7.9015501e-03
   7.2896863e-03
   6.6131187e-03
   5.8778525e-03
   5.0904142e-03
   4.2577929e-03
   3.3873792e-03
   2.4868989e-03
   1.5643447e-03
   6.2790520e-04
  -3.1410759e-04
  -1.2533323e-03
  -2.1814324e-03
  -3.0901699e-03
  -3.9714789e-03
  -4.8175367e-03
  -5.6208338e-03
  -6.3742399e-03
  -7.0710678e-03
  -7.7051324e-03
  -8.2708057e-03
  -8.7630668e-03
  -9.1775463e-03
  -9.5105652e-03
  -9.7591676e-03
  -9.9211470e-03
  -9.9950656e-03
  -9.9802673e-03
  -9.8768834e-03
  -9.6858316e-03
  -9.4088077e-03
  -9.0482705e-03
  -8.6074203e-03
  -8.0901699e-03
  -7.5011107e-03
  -6.8454711e-03
  -6.1290705e-03
  -5.3582679e-03
  -4.5399050e-03
  -3.6812455e-03
  -2.7899111e-03
  -1.8738131e-03
  -9.4108313e-04
  -2.2043642e-17
   9.4108313e-04
   1.8738131e-03
   2.7899111e-03
   3.6812455e-03
   4.5399050e-03
   5.3582679e-03
   6.1290705e-03
   6.8454711e-03
   7.5011107e-03
   8.0901699e-03
   8.6074203e-03
   9.0482705e-03
   9.4088077e-03
   9.6858316e-03
   9.8768834e-03
   9.9802673e-03
   9.9950656e-03
   9.9211470e-03
   9.7591676e-03
   9.5105652e-03
   9.1775463e-03
   8.7630668e-03
   8.2708057e-03
   7.7051324e-03
   7.0710678e-03
   6.3742399e-03
   5.6208338e-03
   4.8175367e-03
   3.9714789e-03
   3.0901699e-03
   2.1814324e-03
   1.2533323e-03
   3.1410759e-04
  -6.2790520e-04
  -1.5643447e-03
  -2.4868989e-03
  -3.3873792e-03
  -4.2577929e-03
  -5.0904142e-03
  -5.8778525e-03
  -6.6131187e-03
  -7.2896863e-03
  -7.9015501e-03
  -8.4432793e-03
  -8.9100652e-03
  -9.2977649e-03
  -9.6029369e-03
  -9.8228725e-03
  -9.9556196e-03
  -1.0000000e-02
  -9.9556196e-03
  -9.8228725e-03
  -9.6029369e-03
  -9.2977649e-03
  -8.9100652e-03
  -8.4432793e-03
  -7.9015501e-03
  -7.2896863e-03
  -6.6131187e-03
  -5.8778525e-03
  -5.0904142e-03
  -4.2577929e-03
  -3.3873792e-03
  -2.4868989e-03
  -1.5643447e-03
  -6.2790520e-04
   3.1410759e-04
   1.2533323e-03
   2.1814324e-03
   3.0901699e-03
   3.9714789e-03
   4.8175367e-03
   5.6208338e-03
   6.3742399e-03
   7.0710678e-03
   7.7051324e-03
   8.2708057e-03
   8.7630668e-03
   9.1775463e-03
   9.5105652e-03
   9.7591676e-03
   9.9211470e-03
   9.9950656e-03
   9.9802673e-03
   9.8768834e-03
   9.6858316e-03
   9.4088077e-03
   9.0482705e-03
   8.6074203e-03
   8.0901699e-03
   7.5011107e-03
   6.8454711e-03
   6.1290705e-03
   5.3582679e-03
   4.5399050e-03
   3.6812455e-03
   2.7899111e-03
   1.8738131e-03
   9.4108313e-04
   1.3229899e-16
  -9.4108313e-04
  -1.8738131e-03
  -2.7899111e-03
  -3.6812455e-03
  -4.5399050e-03
  -5.3582679e-03
  -6.1290705e-03
  -6.8454711e-03
  -7.5011107e-03
  -8.0901699e-03
  -8.6074203e-03
  -9.0482705e-03
  -9.4088077e-03
  -9.6858316e-03
  -9.8768834e-03
  -9.9802673e-03
  -9.9950656e-03
  -9.9211470e-03
  -9.7591676e-03
  -9.5105652e-03
  -9.1775463e-03
  -8.7630668e-03
  -8.2708057e-03
  -7.7051324e-03
  -7.0710678e-03
  -6.3742399e-03
  -5.6208338e-03
  -4.8175367e-03
  -3.9714789e-03
  -3.0901699e-03
  -2.1814324e-03
  -1.2533323e-03
  -3.1410759e-04
   6.2790520e-04
   1.5643447e-03
   2.4868989e-03
   3.3873792e-03
   4.2577929e-03
   5.0904142e-03
   5.8778525e-03
   6.6131187e-03
   7.2896863e-03
   7.9015501e-03
   8.4432793e-03
   8.9100652e-03
   9.2977649e-03
   9.6029369e-03
   9.8228725e-03
   9.9556196e-03
   1.0000000e-02
   9.9556196e-03
   9.8228725e-03
   9.6029369e-03
   9.2977649e-03
   8.9100652e-03
   8.4432793e-03
   7.9015501e-03
   7.2896863e-03
   6.6131187e-03
   5.8778525e-03
   5.0904142e-03
   4.2577929e-03
   3.3873792e-03
   2.4868989e-03
   1.5643447e-03
   6.2790520e-04
  -3.1410759e-04
  -1.2533323e-03
  -2.1814324e-03
  -3.0901699e-03
  -3.9714789e-03
  -4.8175367e-03
  -5.6208338e-03
  -6.3742399e-03
  -7.0710678e-03
  -7.7051324e-03
  -8.2708057e-03
  -8.7630668e-03
  -9.1775463e-03
  -9.5105652e-03
  -9.7591676e-03
  -9.9211470e-03
  -9.9950656e-03
  -9.9802673e-03
  -9.8768834e-03
  -9.6858316e-03
  -9.4088077e-03
  -9.0482705e-03
  -8.6074203e-03
  -8.0901699e-03
  -7.5011107e-03
  -6.8454711e-03
  -6.1290705e-03
  -5.3582679e-03
  -4.5399050e-03
  -3.6812455e-03
  -2.7899111e-03
  -1.8738131e-03
  -9.4108313e-04
  -2.9391523e-17
   9.4108313e-04
   1.8738131e-03
   2.7899111e-03
   3.6812455e-03
   4.5399050e-03
   5.3582679e-03
   6.1290705e-03
   6.8454711e-03
   7.5011107e-03
   8.0901699e-03
   8.6074203e-03
   9.0482705e-03
   9.4088077e-03
   9.6858316e-03
   9.8768834e-03
   9.9802673e-03
   9.9950656e-03
   9.9211470e-03
   9.7591676e-03
   9.5105652e-03
   9.1775463e-03
   8.7630668e-03
   8.2708057e-03
   7.7051324e-03
   7.0710678e-03
   6.3742399e-03
   5.6208338e-03
   4.8175367e-03
   3.9714789e-03
   3.0901699e-03
   2.1814324e-03
   1.2533323e-03
   3.1410759e-04
  -6.2790520e-04
  -1.5643447e-03
  -2.4868989e-03
  -3.3873792e-03
  -4.2577929e-03
  -5.0904142e-03
  -5.8778525e-03
  -6.6131187e-03
  -7.2896863e-03
  -7.9015501e-03
  -8.4432793e-03
  -8.9100652e-03
  -9.2977649e-03
  -9.6029369e-03
  -9.8228725e-03
  -9.9556196e-03
  -1.0000000e-02
  -9.9556196e-03
  -9.8228725e-03
  -9.6029369e-03
  -9.2977649e-03
  -8.9100652e-03
  -8.4432793e-03
  -7.9015501e-03
  -7.2896863e-03
  -6.6131187e-03
  -5.8778525e-03
  -5.0904142e-03
  -4.2577929e-03
  -3.3873792e-03
  -2.4868989e-03
  -1.5643447e-03
  -6.2790520e-04
   3.1410759e-04
   1.2533323e-03
   2.1814324e-03
   3.0901699e-03
   3.9714789e-03
   4.8175367e-03
   5.6208338e-03
   6.3742399e-03
   7.0710678e-03
   7.7051324e-03
   8.2708057e-03
   8.7630668e-03
   9.1775463e-03
   9.5105652e-03
   9.7591676e-03
   9.9211470e-03
   9.9950656e-03
   9.9802673e-03
   9.8768834e-03
   9.6858316e-03
   9.4088077e-03
   9.0482705e-03
   8.6074203e-03
   8.0901699e-03
   7.5011107e-03
   6.8454711e-03
   6.1290705e-03
   5.3582679e-03
   4.5399050e-03
   3.6812455e-03
   2.7899111e-03
   1.8738131e-03
   9.4108313e-04
   6.8592600e-17
  -9.4108313e-04
  -1.8738131e-03
  -2.7899111e-03
  -3.6812455e-03
  -4.5399050e-03
  -5.3582679e-03
  -6.1290705e-03
  -6.8454711e-03
  -7.5011107e-03
  -8.0901699e-03
  -8.6074203e-03
  -9.0482705e-03
  -9.4088077e-03
  -9.6858316e-03
  -9.8768834e-03
  -9.9802673e-03
  -9.9950656e-03
  -9.9211470e-03
  -9.7591676e-03
  -9.5105652e-03
  -9.1775463e-03
  -8.7630668e-03
  -8.2708057e-03
  -7.7051324e-03
  -7.0710678e-03
  -6.3742399e-03
  -5.6208338e-03
  -4.8175367e-03
  -3.9714789e-03
  -3.0901699e-03
  -2.1814324e-03
  -1.2533323e-03
  -3.1410759e-04
   6.2790520e-04
   1.5643447e-03
   2.4868989e-03
   3.3873792e-03
   4.2577929e-03
   5.0904142e-03
   5.8778525e-03
   6.6131187e-03
   7.2896863e-03
   7.9015501e-03
   8.4432793e-03
   8.9100652e-03
   9.2977649e-03
   9.6029369e-03
   9.8228725e-03
   9.9556196e-03
   1.0000000e-02
   9.9556196e-03
   9.8228725e-03
   9.6029369e-03
   9.2977649e-03
   8.9100652e-03
   8.4432793e-03
   7.9015501e-03
   7.2896863e-03
   6.6131187e-03
   5.8778525e-03
   5.0904142e-03
   4.2577929e-03
   3.3873792e-03
   2.4868989e-03
   1.5643447e-03
   6.2790520e-04
  -3.1410759e-04
  -1.2533323e-03
  -2.1814324e-03
  -3.0901699e-03
  -3.9714789e-03
  -4.8175367e-03
  -5.6208338e-03
  -6.3742399e-03
  -7.0710678e-03
  -7.7051324e-03
  -8.2708057e-03
  -8.7630668e-03
  -9.1775463e-03
  -9.5105652e-03
  -9.7591676e-03
  -9.9211470e-03
  -9.9950656e-03
  -9.9802673e-03
  -9.8768834e-03
  -9.6858316e-03
  -9.4088077e-03
  -9.0482705e-03
  -8.6074203e-03
  -8.0901699e-03
  -7.5011107e-03
  -6.8454711e-03
  -6.1290705e-03
  -5.3582679e-03
  -4.5399050e-03
  -3.6812455e-03
  -2.7899111e-03
  -1.8738131e-03
  -9.4108313e-04
   0.0000000e+00
   9.4108313e-04
   1.8738131e-03
   2.7899111e-03
   3.6812455e-03
   4.5399050e-03
   5.3582679e-03
   6.1290705e-03
   6.8454711e-03
   7.5011107e-03
   8.0901699e-03
   8.6074203e-03
   9.0482705e-03
   9.4088077e-03
   9.6858316e-03
   9.8768834e-03
   9.9802673e-03
   9.9950656e-03
   9.9211470e-03
   9.7591676e-03
   9.5105652e-03
   9.1775463e-03
   8.7630668e-03
   8.2708057e-03
   7.7051324e-03
   7.0710678e-03
   6.3742399e-03
   5.6208338e-03
   4.8175367e-03
   3.9714789e-03
   3.0901699e-03
   2.1814324e-03
   1.2533323e-03
   3.1410759e-04
  -6.2790520e-04
  -1.5643447e-03
  -2.4868989e-03
  -3.3873792e-03
  -4.2577929e-03
  -5.0904142e-03
  -5.8778525e-03
  -6.6131187e-03
  -7.2896863e-03
  -7.9015501e-03
  -8.4432793e-03
  -8.9100652e-03
  -9.2977649e-03
  -9.6029369e-03
  -9.8228725e-03
  -9.9556196e-03
  -1.0000000e-02
  -9.9556196e-03
  -9.8228725e-03
  -9.6029369e-03
  -9.2977649e-03
  -8.9100652e-03
  -8.4432793e-03
  -7.9015501e-03
  -7.2896863e-03
  -6.6131187e-03
  -5.8778525e-03
  -5.0904142e-03
  -4.2577929e-03
  -3.3873792e-03
  -2.4868989e-03
  -1.5643447e-03
  -6.2790520e-04
   3.1410759e-04
   1.2533323e-03
   2.1814324e-03
   3.0901699e-03
   3.9714789e-03
   4.8175367e-03
   5.6208338e-03
   6.3742399e-03
   7.0710678e-03
   7.7051324e-03
   8.2708057e-03
   8.7630668e-03
   9.1775463e-03
   9.5105652e-03
   9.7591676e-03
   9.9211470e-03
   9.9950656e-03
   9.9802673e-03
   9.8768834e-03
   9.6858316e-03
   9.4088077e-03
   9.0482705e-03
   8.6074203e-03
   8.0901699e-03
   7.5011107e-03
   6.8454711e-03
   6.1290705e-03
   5.3582679e-03
   4.5399050e-03
   3.6812455e-03
   2.7899111e-03
   1.8738131e-03
   9.4108313e-04
   3.6739404e-18
  -9.4108313e-04
  -1.8738131e-03
  -2.7899111e-03
  -3.6812455e-03
  -4.5399050e-03
  -5.3582679e-03
  -6.1290705e-03
  -6.8454711e-03
  -7.5011107e-03
  -8.0901699e-03
  -8.6074203e-03
  -9.0482705e-03
  -9.4088077e-03
  -9.6858316e-03
  -9.8768834e-03
  -9.9802673e-03
  -9.9950656e-03
  -9.9211470e-03
  -9.7591676e-03
  -9.5105652e-03
  -9.1775463e-03
  -8.7630668e-03
  -8.2708057e-03
  -7.7051324e-03
  -7.0710678e-03
  -6.3742399e-03
  -5.6208338e-03
  -4.8175367e-03
  -3.9714789e-03
  -3.0901699e-03
  -2.1814324e-03
  -1.2533323e-03
  -3.1410759e-04
   6.2790520e-04
   1.5643447e-03
   2.4868989e-03
   3.3873792e-03
   4.2577929e-03
   5.0904142e-03
   5.8778525e-03
   6.6131187e-03
   7.2896863e-03
   7.9015501e-03
   8.4432793e-03
   8.9100652e-03
   9.2977649e-03
   9.6029369e-03
   9.8228725e-03
   9.9556196e-03
   1.0000000e-02
   9.9556196e-03
   9.8228725e-03
   9.6029369e-03
   9.2977649e-03
   8.9100652e-03
   8.4432793e-03
   7.9015501e-03
   7.2896863e-03
   6.6131187e-03
   5.8778525e-03
   5.0904142e-03
   4.2577929e-03
   3.3873792e-03
   2.4868989e-03
   1.5643447e-03
   6.2790520e-04
  -3.1410759e-04
  -1.2533323e-03
  -2.1814324e-03
  -3.0901699e-03
  -3.9714789e-03
  -4.8175367e-03
  -5.6208338e-03
  -6.3742399e-03
  -7.0710678e-03
  -7.7051324e-03
  -8.2708057e-03
  -8.7630668e-03
  -9.1775463e-03
  -9.5105652e-03
  -9.7591676e-03
  -9.9211470e-03
  -9.9950656e-03
  -9.9802673e-03
  -9.8768834e-03
  -9.6858316e-03
  -9.4088077e-03
  -9.0482705e-03
  -8.6074203e-03
  -8.0901699e-03
  -7.5011107e-03
  -6.8454711e-03
  -6.1290705e-03
  -5.3582679e-03
  -4.5399050e-03
  -3.6812455e-03
  -2.7899111e-03
  -1.8738131e-03
  -9.4108313e-04
  -7.3478808e-18
   9.4108313e-04
   1.8738131e-03
   2.7899111e-03
   3.6812455e-03
   4.5399050e-03
   5.3582679e-03
   6.1290705e-03
   6.8454711e-03
   7.5011107e-03
   8.0901699e-03
   8.6074203e-03
   9.0482705e-03
   9.4088077e-03
   9.6858316e-03
   9.8768834e-03
   9.9802673e-03
   9.9950656e-03
   9.9211470e-03
   9.7591676e-03
   9.5105652e-03
   9.1775463e-03
   8.7630668e-03
   8.2708057e-03
   7.7051324e-03
   7.0710678e-03
   6.3742399e-03
   5.6208338e-03
   4.8175367e-03
   3.9714789e-03
   3.0901699e-03
   2.1814324e-03
   1.2533323e-03
   3.1410759e-04
  -6.2790520e-04
  -1.5643447e-03
  -2.4868989e-03
  -3.3873792e-03
  -4.2577929e-03
  -5.0904142e-03
  -5.8778525e-03
  -6.6131187e-03
  -7.2896863e-03
  -7.9015501e-03
  -8.4432793e-03
  -8.9100652e-03
  -9.2977649e-03
  -9.6029369e-03
  -9.8228725e-03
  -9.9556196e-03
  -1.0000000e-02
  -9.9556196e-03
  -9.8228725e-03
  -9.6029369e-03
  -9.2977649e-03
  -8.9100652e-03
  -8.4432793e-03
  -7.9015501e-03
  -7.2896863e-03
  -6.6131187e-03
  -5.8778525e-03
  -5.0904142e-03
  -4.2577929e-03
  -3.3873792e-03
  -2.4868989e-03
  -1.5643447e-03
  -6.2790520e-04
   3.1410759e-04
   1.2533323e-03
   2.1814324e-03
   3.0901699e-03
   3.9714789e-03
   4.8175367e-03
   5.6208338e-03
   6.3742399e-03
   7.0710678e-03
   7.7051324e-03
   8.2708057e-03
   8.7630668e-03
   9.1775463e-03
   9.5105652e-03
   9.7591676e-03
   9.9211470e-03
   9.9950656e-03
   9.9802673e-03
   9.8768834e-03
   9.6858316e-03
   9.4088077e-03
   9.0482705e-03
   8.6074203e-03
   8.0901699e-03
   7.5011107e-03
   6.8454711e-03
   6.1290705e-03
   5.3582679e-03
   4.5399050e-03
   3.6812455e-03
   2.7899111e-03
   1.8738131e-03
   9.4108313e-04
   1.1021821e-17
  -9.4108313e-04
  -1.8738131e-03
  -2.7899111e-03
  -3.6812455e-03
  -4.5399050e-03
  -5.3582679e-03
  -6.1290705e-03
  -6.8454711e-03
  -7.5011107e-03
  -8.0901699e-03
  -8.6074203e-03
  -9.0482705e-03
  -9.4088077e-03
  -9.6858316e-03
  -9.8768834e-03
  -9.9802673e-03
  -9.9950656e-03
  -9.9211470e-03
  -9.7591676e-03
  -9.5105652e-03
  -9.1775463e-03
  -8.7630668e-03
  -8.2708057e-03
  -7.7051324e-03
  -7.0710678e-03
  -6.3742399e-03
  -5.6208338e-03
  -4.8175367e-03
  -3.9714789e-03
  -3.0901699e-03
  -2.1814324e-03
  -1.2533323e-03
  -3.1410759e-04
   6.2790520e-04
   1.5643447e-03
   2.4868989e-03
   3.3873792e-03
   4.2577929e-03
   5.0904142e-03
   5.8778525e-03
   6.6131187e-03
   7.2896863e-03
   7.9015501e-03
   8.4432793e-03
   8.9100652e-03
   9.2977649e-03
   9.6029369e-03
   9.8228725e-03
   9.9556196e-03
   1.0000000e-02
   9.9556196e-03
   9.8228725e-03
   9.6029369e-03
   9.2977649e-03
   8.9100652e-03
   8.4432793e-03
   7.9015501e-03
   7.2896863e-03
   6.6131187e-03
   5.8778525e-03
   5.0904142e-03
   4.2577929e-03
   3.3873792e-03
   2.4868989e-03
   1.5643447e-03
   6.2790520e-04
  -3.1410759e-04
  -1.2533323e-03
  -2.1814324e-03
  -3.0901699e-03
  -3.9714789e-03
  -4.8175367e-03
  -5.6208338e-03
  -6.3742399e-03
  -7.0710678e-03
  -7.7051324e-03
  -8.2708057e-03
  -8.7630668e-03
  -9.1775463e-03
  -9.5105652e-03
  -9.7591676e-03
  -9.9211470e-03
  -9.9950656e-03
  -9.9802673e-03
  -9.8768834e-03
  -9.6858316e-03
  -9.4088077e-03
  -9.0482705e-03
  -8.6074203e-03
  -8.0901699e-03
  -7.5011107e-03
  -6.8454711e-03
  -6.1290705e-03
  -5.3582679e-03
  -4.5399050e-03
  -3.6812455e-03
  -2.7899111e-03
  -1.8738131e-03
  -9.4108313e-04
  -1.4695762e-17
   9.4108313e-04
   1.8738131e-03
   2.7899111e-03
   3.6812455e-03
   4.5399050e-03
   5.3582679e-03
   6.1290705e-03
   6.8454711e-03
   7.5011107e-03
   8.0901699e-03
   8.6074203e-03
   9.0482705e-03
   9.4088077e-03
   9.6858316e-03
   9.8768834e-03
   9.9802673e-03
   9.9950656e-03
   9.9211470e-03
   9.7591676e-03
   9.5105652e-03
   9.1775463e-03
   8.7630668e-03
   8.2708057e-03
   7.7051324e-03
   7.0710678e-03
   6.3742399e-03
   5.6208338e-03
   4.8175367e-03
   3.9714789e-03
   3.0901699e-03
   2.1814324e-03
   1.2533323e-03
   3.1410759e-04
  -6.2790520e-04
  -1.5643447e-03
  -2.4868989e-03
  -3.3873792e-03
  -4.2577929e-03
  -5.0904142e-03
  -5.8778525e-03
  -6.6131187e-03
  -7.2896863e-03
  -7.9015501e-03
  -8.4432793e-03
  -8.9100652e-03
  -9.2977649e-03
  -9.6029369e-03
  -9.8228725e-03
  -9.9556196e-03
  -1.0000000e-02
  -9.9556196e-03
  -9.8228725e-03
  -9.6029369e-03
  -9.2977649e-03
  -8.9100652e-03
  -8.4432793e-03
  -7.9015501e-03
  -7.2896863e-03
  -6.6131187e-03
  -5.8778525e-03
  -5.0904142e-03
  -4.2577929e-03
  -3.3873792e-03
  -2.4868989e-03
  -1.5643447e-03
  -6.2790520e-04
   3.1410759e-04
   1.2533323e-03
   2.1814324e-03
   3.0901699e-03
   3.9714789e-03
   4.8175367e-03
   5.6208338e-03
   6.3742399e-03
   7.0710678e-03
   7.7051324e-03
   8.2708057e-03
   8.7630668e-03
   9.1775463e-03
   9.5105652e-03
   9.7591676e-03
   9.9211470e-03
   9.9950656e-03
   9.9802673e-03
   9.8768834e-03
   9.6858316e-03
   9.4088077e-03
   9.0482705e-03
   8.6074203e-03
   8.0901699e-03
   7.5011107e-03
   6.8454711e-03
   6.1290705e-03
   5.3582679e-03
   4.5399050e-03
   3.6812455e-03
   2.7899111e-03
   1.8738131e-03
   9.4108313e-04
   5.3896839e-17
  -9.4108313e-04
  -1.8738131e-03
  -2.7899111e-03
  -3.6812455e-03
  -4.5399050e-03
  -5.3582679e-03
  -6.1290705e-03
  -6.8454711e-03
  -7.5011107e-03
  -8.0901699e-03
  -8.6074203e-03
  -9.0482705e-03
  -9.4088077e-03
  -9.6858316e-03
  -9.8768834e-03
  -9.9802673e-03
  -9.9950656e-03
  -9.9211470e-03
  -9.7591676e-03
  -9.5105652e-03
  -9.1775463e-03
  -8.7630668e-03
  -8.2708057e-03
  -7.7051324e-03
  -7.0710678e-03
  -6.3742399e-03
  -5.6208338e-03
  -4.8175367e-03
  -3.9714789e-03
  -3.0901699e-03
  -2.1814324e-03
  -1.2533323e-03
  -3.1410759e-04
   6.2790520e-04
   1.5643447e-03
   2.4868989e-03
   3.3873792e-03
   4.2577929e-03
   5.0904142e-03
   5.8778525e-03
   6.6131187e-03
   7.2896863e-03
   7.9015501e-03
   8.4432793e-03
   8.9100652e-03
   9.2977649e-03
   9.6029369e-03
   9.8228725e-03
   9.9556196e-03
   1.0000000e-02
   9.9556196e-03
   9.8228725e-03
   9.6029369e-03
   9.2977649e-03
   8.9100652e-03
   8.4432793e-03
   7.9015501e-03
   7.2896863e-03
   6.6131187e-03
   5.8778525e-03
   5.0904142e-03
   4.2577929e-03
   3.3873792e-03
   2.4868989e-03
   1.5643447e-03
   6.2790520e-04
  -3.1410759e-04
  -1.2533323e-03
  -2.1814324e-03
  -3.0901699e-03
  -3.9714789e-03
  -4.8175367e-03
  -5.6208338e-03
  -6.3742399e-03
  -7.0710678e-03
  -7.7051324e-03
  -8.2708057e-03
  -8.7630668e-03
  -9.1775463e-03
  -9.5105652e-03
  -9.7591676e-03
  -9.9211470e-03
  -9.9950656e-03
  -9.9802673e-03
  -9.8768834e-03
  -9.6858316e-03
  -9.4088077e-03
  -9.0482705e-03
  -8.6074203e-03
  -8.0901699e-03
  -7.5011107e-03
  -6.8454711e-03
  -6.1290705e-03
  -5.3582679e-03
  -4.5399050e-03
  -3.6812455e-03
  -2.7899111e-03
  -1.8738131e-03
  -9.4108313e-04
  -2.2043642e-17
   9.4108313e-04
   1.8738131e-03
   2.7899111e-03
   3.6812455e-03
   4.5399050e-03
   5.3582679e-03
   6.1290705e-03
   6.8454711e-03
   7.5011107e-03
   8.0901699e-03
   8.6074203e-03
   9.0482705e-03
   9.4088077e-03
   9.6858316e-03
   9.8768834e-03
   9.9802673e-03
   9.9950656e-03
   9.9211470e-03
   9.7591676e-03
   9.5105652e-03
   9.1775463e-03
   8.7630668e-03
   8.2708057e-03
   7.7051324e-03
   7.0710678e-03
   6.3742399e-03
   5.6208338e-03
   4.8175367e-03
   3.9714789e-03
   3.0901699e-03
   2.1814324e-03
   1.2533323e-03
   3.1410759e-04
  -6.2790520e-04
  -1.5643447e-03
  -2.4868989e-03
  -3.3873792e-03
  -4.2577929e-03
  -5.0904142e-03
  -5.8778525e-03
  -6.6131187e-03
  -7.2896863e-03
  -7.9015501e-03
  -8.4432793e-03
  -8.9100652e-03
  -9.2977649e-03
  -9.6029369e-03
  -9.8228725e-03
  -9.9556196e-03
  -1.0000000e-02
  -9.9556196e-03
  -9.8228725e-03
  -9.6029369e-03
  -9.2977649e-03
  -8.9100652e-03
  -8.4432793e-03
  -7.9015501e-03
  -7.2896863e-03
  -6.6131187e-03
  -5.8778525e-03
  -5.0904142e-03
  -4.2577929e-03
  -3.3873792e-03
  -2.4868989e-03
  -1.5643447e-03
  -6.2790520e-04
   3.1410759e-04
   1.2533323e-03
   2.1814324e-03
   3.0901699e-03
   3.9714789e-03
   4.8175367e-03
   5.6208338e-03
   6.3742399e-03
   7.0710678e-03
   7.7051324e-03
   8.2708057e-03
   8.7630668e-03
   9.1775463e-03
   9.5105652e-03
   9.7591676e-03
   9.9211470e-03
   9.9950656e-03
   9.9802673e-03
   9.8768834e-03
   9.6858316e-03
   9.4088077e-03
   9.0482705e-03
   8.6074203e-03
   8.0901699e-03
   7.5011107e-03
   6.8454711e-03
   6.1290705e-03
   5.3582679e-03
   4.5399050e-03
   3.6812455e-03
   2.7899111e-03
   1.8738131e-03
   9.4108313e-04
   1.3229899e-16
  -9.4108313e-04
  -1.8738131e-03
  -2.7899111e-03
  -3.6812455e-03
  -4.5399050e-03
  -5.3582679e-03
  -6.1290705e-03
  -6.8454711e-03
  -7.5011107e-03
  -8.0901699e-03
  -8.6074203e-03
  -9.0482705e-03
  -9.4088077e-03
  -9.6858316e-03
  -9.8768834e-03
  -9.9802673e-03
  -9.9950656e-03
  -9.9211470e-03
  -9.7591676e-03
  -9.5105652e-03
  -9.1775463e-03
  -8.7630668e-03
  -8.2708057e-03
  -7.7051324e-03
  -7.0710678e-03
  -6.3742399e-03
  -5.6208338e-03
  -4.8175367e-03
  -3.9714789e-03
  -3.0901699e-03
  -2.1814324e-03
  -1.2533323e-03
  -3.1410759e-04
   6.2790520e-04
   1.5643447e-03
   2.4868989e-03
   3.3873792e-03
   4.2577929e-03
   5.0904142e-03
   5.8778525e-03
   6.6131187e-03
   7.2896863e-03
   7.9015501e-03
   8.4432793e-03
   8.9100652e-03
   9.2977649e-03
   9.6029369e-03
   9.8228725e-03
   9.9556196e-03
   1.0000000e-02
   9.9556196e-03
   9.8228725e-03
   9.6029369e-03
   9.2977649e-03
   8.9100652e-03
   8.4432793e-03
   7.9015501e-03
   7.2896863e-03
   6.6131187e-03
   5.8778525e-03
   5.0904142e-03
   4.2577929e-03
   3.3873792e-03
   2.4868989e-03
   1.5643447e-03
   6.2790520e-04
  -3.1410759e-04
  -1.2533323e-03
  -2.1814324e-03
  -3.0901699e-03
  -3.9714789e-03
  -4.8175367e-03
  -5.6208338e-03
  -6.3742399e-03
  -7.0710678e-03
  -7.7051324e-03
  -8.2708057e-03
  -8.7630668e-03
  -9.1775463e-03
  -9.5105652e-03
  -9.7591676e-03
  -9.9211470e-03
  -9.9950656e-03
  -9.9802673e-03
  -9.8768834e-03
  -9.6858316e-03
  -9.4088077e-03
  -9.0482705e-03
  -8.6074203e-03
  -8.0901699e-03
  -7.5011107e-03
  -6.8454711e-03
  -6.1290705e-03
  -5.3582679e-03
  -4.5399050e-03
  -3.6812455e-03
  -2.7899111e-03
  -1.8738131e-03
  -9.4108313e-04
  -2.9391523e-17
   9.4108313e-04
   1.8738131e-03
   2.7899111e-03
   3.6812455e-03
   4.5399050e-03
   5.3582679e-03
   6.1290705e-03
   6.8454711e-03
   7.5011107e-03
   8.0901699e-03
   8.6074203e-03
   9.0482705e-03
   9.4088077e-03
   9.6858316e-03
   9.8768834e-03
   9.9802673e-03
   9.9950656e-03
   9.9211470e-03
   9.7591676e-03
   9.5105652e-03
   9.1775463e-03
   8.7630668e-03
   8.2708057e-03
   7.7051324e-03
   7.0710678e-03
   6.3742399e-03
   5.6208338e-03
   4.8175367e-03
   3.9714789e-03
   3.0901699e-03
   2.1814324e-03
   1.2533323e-03
   3.1410759e-04
  -6.2790520e-04
  -1.5643447e-03
  -2.4868989e-03
  -3.3873792e-03
  -4.2577929e-03
  -5.0904142e-03
  -5.8778525e-03
  -6.6131187e-03
  -7.2896863e-03
  -7.9015501e-03
  -8.4432793e-03
  -8.9100652e-03
  -9.2977649e-03
  -9.6029369e-03
  -9.8228725e-03
  -9.9556196e-03
  -1.0000000e-02
  -9.9556196e-03
  -9.8228725e-03
  -9.6029369e-03
  -9.2977649e-03
  -8.9100652e-03
  -8.4432793e-03
  -7.9015501e-03
  -7.2896863e-03
  -6.6131187e-03
  -5.8778525e-03
  -5.0904142e-03
  -4.2577929e-03
  -3.3873792e-03
  -2.4868989e-03
  -1.5643447e-03
  -6.2790520e-04
   3.1410759e-04
   1.2533323e-03
   2.1814324e-03
   3.0901699e-03
   3.9714789e-03
   4.8175367e-03
   5.6208338e-03
   6.3742399e-03
   7.0710678e-03
   7.7051324e-03
   8.2708057e-03
   8.7630668e-03
   9.1775463e-03
   9.5105652e-03
   9.7591676e-03
   9.9211470e-03
   9.9950656e-03
   9.9802673e-03
   9.8768834e-03
   9.6858316e-03
   9.4088077e-03
   9.0482705e-03
   8.6074203e-03
   8.0901699e-03
   7.5011107e-03
   6.8454711e-03
   6.1290705e-03
   5.3582679e-03
   4.5399050e-03
   3.6812455e-03
   2.7899111e-03
   1.8738131e-03
   9.4108313e-04
   6.8592600e-17
  -9.4108313e-04
  -1.8738131e-03
  -2.7899111e-03
  -3.6812455e-03
  -4.5399050e-03
  -5.3582679e-03
  -6.1290705e-03
  -6.8454711e-03
  -7.5011107e-03
  -8.0901699e-03
  -8.6074203e-03
  -9.0482705e-03
  -9.4088077e-03
  -9.6858316e-03
  -9.8768834e-03
  -9.9802673e-03
  -9.9950656e-03
  -9.9211470e-03
  -9.7591676e-03
  -9.5105652e-03
  -9.1775463e-03
  -8.7630668e-03
  -8.2708057e-03
  -7.7051324e-03
  -7.0710678e-03
  -6.3742399e-03
  -5.6208338e-03
  -4.8175367e-03
  -3.9714789e-03
  -3.0901699e-03
  -2.1814324e-03
  -1.2533323e-03
  -3.1410759e-04
   6.2790520e-04
   1.5643447e-03
   2.4868989e-03
   3.3873792e-03
   4.2577929e-03
   5.0904142e-03
   5.8778525e-03
   6.6131187e-03
   7.2896863e-03
   7.9015501e-03
   8.4432793e-03
   8.9100652e-03
   9.2977649e-03
   9.6029369e-03
   9.8228725e-03
   9.9556196e-03
   1.0000000e-02
   9.9556196e-03
   9.8228725e-03
   9.6029369e-03
   9.2977649e-03
   8.9100652e-03
   8.4432793e-03
   7.9015501e-03
   7.2896863e-03
   6.6131187e-03
   5.8778525e-03
   5.0904142e-03
   4.2577929e-03
   3.3873792e-03
   2.4868989e-03
   1.5643447e-03
   6.2790520e-04
  -3.1410759e-04
  -1.2533323e-03
  -2.1814324e-03
  -3.0901699e-03
  -3.9714789e-03
  -4.8175367e-03
  -5.6208338e-03
  -6.3742399e-03
  -7.0710678e-03
  -7.7051324e-03
  -8.2708057e-03
  -8.7630668e-03
  -9.1775463e-03
  -9.5105652e-03
  -9.7591676e-03
  -9.9211470e-03
  -9.9950656e-03
  -9.9802673e-03
  -9.8768834e-03
  -9.6858316e-03
  -9.4088077e-03
  -9.0482705e-03
  -8.6074203e-03
  -8.0901699e-03
  -7.5011107e-03
  -6.8454711e-03
  -6.1290705e-03
  -5.3582679e-03
  -4.5399050e-03
  -3.6812455e-03
  -2.7899111e-03
  -1.8738131e-03
  -9.4108313e-04
   0.0000000e+00
   9.4108313e-04
   1.8738131e-03
   2.7899111e-03
   3.6812455e-03
   4.5399050e-03
   5.3582679e-03
   6.1290705e-03
   6.8454711e-03
   7.5011107e-03
   8.0901699e-03
   8.6074203e-03
   9.0482705e-03
   9.4088077e-03
   9.6858316e-03
   9.8768834e-03
   9.9802673e-03
   9.9950656e-03
   9.9211470e-03
   9.7591676e-03
   9.5105652e-03
   9.1775463e-03
   8.7630668e-03
   8.2708057e-03
   7.7051324e-03
   7.0710678e-03
   6.3742399e-03
   5.6208338e-03
   4.8175367e-03
   3.9714789e-03
   3.0901699e-03
   2.1814324e-03
   1.2533323e-03
   3.1410759e-04
  -6.2790520e-04
  -1.5643447e-03
  -2.4868989e-03
  -3.3873792e-03
  -4.2577929e-03
  -5.0904142e-03
  -5.8778525e-03
  -6.6131187e-03
  -7.2896863e-03
  -7.9015501e-03
  -8.4432793e-03
  -8.9100652e-03
  -9.2977649e-03
  -9.6029369e-03
  -9.8228725e-03
  -9.9556196e-03
  -1.0000000e-02
  -9.9556196e-03
  -9.8228725e-03
  -9.6029369e-03
  -9.2977649e-03
  -8.9100652e-03
  -8.4432793e-03
  -7.9015501e-03
  -7.2896863e-03
  -6.6131187e-03
  -5.8778525e-03
  -5.0904142e-03
  -4.2577929e-03
  -3.3873792e-03
  -2.4868989e-03
  -1.5643447e-03
  -6.2790520e-04
   3.1410759e-04
   1.2533323e-03
   2.1814324e-03
   3.0901699e-03
   3.9714789e-03
   4.8175367e-03
   5.6208338e-03
   6.3742399e-03
   7.0710678e-03
   7.7051324e-03
   8.2708057e-03
   8.7630668e-03
   9.1775463e-03
   9.5105652e-03
   9.7591676e-03
   9.9211470e-03
   9.9950656e-03
   9.9802673e-03
   9.8768834e-03
   9.6858316e-03
   9.4088077e-03
   9.0482705e-03
   8.6074203e-03
   8.0901699e-03
   7.5011107e-03
   6.8454711e-03
   6.1290705e-03
   5.3582679e-03
   4.5399050e-03
   3.6812455e-03
   2.7899111e-03
   1.8738131e-03
   9.4108313e-04
   3.6739404e-18
  -9.4108313e-04
  -1.8738131e-03
  -2.7899111e-03
  -3.6812455e-03
  -4.5399050e-03
  -5.3582679e-03
  -6.1290705e-03
  -6.8454711e-03
  -7.5011107e-03
  -8.0901699e-03
  -8.6074203e-03
  -9.0482705e-03
  -9.4088077e-03
  -9.6858316e-03
  -9.8768834e-03
  -9.9802673e-03
  -9.9950656e-03
  -9.9211470e-03
  -9.7591676e-03
  -9.5105652e-03
  -9.1775463e-03
  -8.7630668e-03
  -8.2708057e-03
  -7.7051324e-03
  -7.0710678e-03
  -6.3742399e-03
  -5.6208338e-03
  -4.8175367e-03
  -3.9714789e-03
  -3.0901699e-03
  -2.1814324e-03
  -1.2533323e-03
  -3.1410759e-04
   6.2790520e-04
   1.5643447e-03
   2.4868989e-03
   3.3873792e-03
   4.2577929e-03
   5.0904142e-03
   5.8778525e-03
   6.6131187e-03
   7.2896863e-03
   7.9015501e-03
   8.4432793e-03
   8.9100652e-03
   9.2977649e-03
   9.6029369e-03
   9.8228725e-03
   9.9556196e-03
   1.0000000e-02
   9.9556196e-03
   9.8228725e-03
   9.6029369e-03
   9.2977649e-03
   8.9100652e-03
   8.4432793e-03
   7.9015501e-03
   7.2896863e-03
   6.6131187e-03
   5.8778525e-03
   5.0904142e-03
   4.2577929e-03
   3.3873792e-03
   2.4868989e-03
   1.5643447e-03
   6.2790520e-04
  -3.1410759e-04
  -1.2533323e-03
  -2.1814324e-03
  -3.0901699e-03
  -3.9714789e-03
  -4.8175367e-03
  -5.6208338e-03
  -6.3742399e-03
  -7.0710678e-03
  -7.7051324e-03
  -8.2708057e-03
  -8.7630668e-03
  -9.1775463e-03
  -9.5105652e-03
  -9.7591676e-03
  -9.9211470e-03
  -9.9950656e-03
  -9.9802673e-03
  -9.8768834e-03
  -9.6858316e-03
  -9.4088077e-03
  -9.0482705e-03
  -8.6074203e-03
  -8.0901699e-03
  -7.5011107e-03
  -6.8454711e-03
  -6.1290705e-03
  -5.3582679e-03
  -4.5399050e-03
  -3.6812455e-03
  -2.7899111e-03
  -1.8738131e-03
  -9.4108313e-04
  -7.3478808e-18
   9.4108313e-04
   1.8738131e-03
   2.7899111e-03
   3.6812455e-03
   4.5399050e-03
   5.3582679e-03
   6.1290705e-03
   6.8454711e-03
   7.5011107e-03
   8.0901699e-03
   8.6074203e-03
   9.0482705e-03
   9.4088077e-03
   9.6858316e-03
   9.8768834e-03
   9.9802673e-03
   9.9950656e-03
   9.9211470e-03
   9.7591676e-03
   9.5105652e-03
   9.1775463e-03
   8.7630668e-03
   8.2708057e-03
   7.7051324e-03
   7.0710678e-03
   6.3742399e-03
   5.6208338e-03
   4.8175367e-03
   3.9714789e-03
   3.0901699e-03
   2.1814324e-03
   1.2533323e-03
   3.1410759e-04
  -6.2790520e-04
  -1.5643447e-03
  -2.4868989e-03
  -3.3873792e-03
  -4.2577929e-03
  -5.0904142e-03
  -5.8778525e-03
  -6.6131187e-03
  -7.2896863e-03
  -7.9015501e-03
  -8.4432793e-03
  -8.9100652e-03
  -9.2977649e-03
  -9.6029369e-03
  -9.8228725e-03
  -9.9556196e-03
  -1.0000000e-02
  -9.9556196e-03
  -9.8228725e-03
  -9.6029369e-03
  -9.2977649e-03
  -8.9100652e-03
  -8.4432793e-03
  -7.9015501e-03
  -7.2896863e-03
  -6.6131187e-03
  -5.8778525e-03
  -5.0904142e-03
  -4.2577929e-03
  -3.3873792e-03
  -2.4868989e-03
  -1.5643447e-03
  -6.2790520e-04
   3.1410759e-04
   1.2533323e-03
   2.1814324e-03
   3.0901699e-03
   3.9714789e-03
   4.8175367e-03
   5.6208338e-03
   6.3742399e-03
   7.0710678e-03
   7.7051324e-03
   8.2708057e-03
   8.7630668e-03
   9.1775463e-03
   9.5105652e-03
   9.7591676e-03
   9.9211470e-03
   9.9950656e-03
   9.9802673e-03
   9.8768834e-03
   9.6858316e-03
   9.4088077e-03
   9.0482705e-03
   8.6074203e-03
   8.0901699e-03
   7.5011107e-03
   6.8454711e-03
   6.1290705e-03
   5.3582679e-03
   4.5399050e-03
   3.6812455e-03
   2.7899111e-03
   1.8738131e-03
   9.4108313e-04
   1.1021821e-17
  -9.4108313e-04
  -1.8738131e-03
  -2.7899111e-03
  -3.6812455e-03
  -4.5399050e-03
  -5.3582679e-03
  -6.1290705e-03
  -6.8454711e-03
  -7.5011107e-03
  -8.0901699e-03
  -8.6074203e-03
  -9.0482705e-03
  -9.4088077e-03
  -9.6858316e-03
  -9.8768834e-03
  -9.9802673e-03
  -9.9950656e-03
  -9.9211470e-03
  -9.7591676e-03
  -9.5105652e-03
  -9.1775463e-03
  -8.7630668e-03
  -8.2708057e-03
  -7.7051324e-03
  -7.0710678e-03
  -6.3742399e-03
  -5.6208338e-03
  -4.8175367e-03
  -3.9714789e-03
  -3.0901699e-03
  -2.1814324e-03
  -1.2533323e-03
  -3.1410759e-04
   6.2790520e-04
   1.5643447e-03
   2.4868989e-03
   3.3873792e-03
   4.2577929e-03
   5.0904142e-03
   5.8778525e-03
   6.6131187e-03
   7.2896863e-03
   7.9015501e-03
   8.4432793e-03
   8.9100652e-03
   9.2977649e-03
   9.6029369e-03
   9.8228725e-03
   9.9556196e-03
   1.0000000e-02
   9.9556196e-03
   9.8228725e-03
   9.6029369e-03
   9.2977649e-03
   8.9100652e-03
   8.4432793e-03
   7.9015501e-03
   7.2896863e-03
   6.6131187e-03
   5.8778525e-03
   5.0904142e-03
   4.2577929e-03
   3.3873792e-03
   2.4868989e-03
   1.5643447e-03
   6.2790520e-04
  -3.1410759e-04
  -1.2533323e-03
  -2.1814324e-03
  -3.0901699e-03
  -3.9714789e-03
  -4.8175367e-03
  -5.6208338e-03
  -6.3742399e-03
  -7.0710678e-03
  -7.7051324e-03
  -8.2708057e-03
  -8.7630668e-03
  -9.1775463e-03
  -9.5105652e-03
  -9.7591676e-03
  -9.9211470e-03
  -9.9950656e-03
  -9.9802673e-03
  -9.8768834e-03
  -9.6858316e-03
  -9.4088077e-03
  -9.0482705e-03
  -8.6074203e-03
  -8.0901699e-03
  -7.5011107e-03
  -6.8454711e-03
  -6.1290705e-03
  -5.3582679e-03
  -4.5399050e-03
  -3.6812455e-03
  -2.7899111e-03
  -1.8738131e-03
  -9.4108313e-04
  -1.4695762e-17
   9.4108313e-04
   1.8738131e-03
   2.7899111e-03
   3.6812455e-03
   4.5399050e-03
   5.3582679e-03
   6.1290705e-03
   6.8454711e-03
   7.5011107e-03
   8.0901699e-03
   8.6074203e-03
   9.0482705e-03
   9.4088077e-03
   9.6858316e-03
   9.8768834e-03
   9.9802673e-03
   9.9950656e-03
   9.9211470e-03
   9.7591676e-03
   9.5105652e-03
   9.1775463e-03
   8.7630668e-03
   8.2708057e-03
   7.7051324e-03
   7.0710678e-03
   6.3742399e-03
   5.6208338e-03
   4.8175367e-03
   3.9714789e-03
   3.0901699e-03
   2.1814324e-03
   1.2533323e-03
   3.1410759e-04
  -6.2790520e-04
  -1.5643447e-03
  -2.4868989e-03
  -3.3873792e-03
  -4.2577929e-03
  -5.0904142e-03
  -5.8778525e-03
  -6.6131187e-03
  -7.2896863e-03
  -7.9015501e-03
  -8.4432793e-03
  -8.9100652e-03
  -9.2977649e-03
  -9.6029369e-03
  -9.8228725e-03
  -9.9556196e-03
  -1.0000000e-02
  -9.9556196e-03
  -9.8228725e-03
  -9.6029369e-03
  -9.2977649e-03
  -8.9100652e-03
  -8.4432793e-03
  -7.9015501e-03
  -7.2896863e-03
  -6.6131187e-03
  -5.8778525e-03
  -5.0904142e-03
  -4.2577929e-03
  -3.3873792e-03
  -2.4868989e-03
  -1.5643447e-03
  -6.2790520e-04
   3.1410759e-04
   1.2533323e-03
   2.1814324e-03
   3.0901699e-03
   3.9714789e-03
   4.8175367e-03
   5.6208338e-03
   6.3742399e-03
   7.0710678e-03
   7.7051324e-03
   8.2708057e-03
   8.7630668e-03
   9.1775463e-03
   9.5105652e-03
   9.7591676e-03
   9.9211470e-03
   9.9950656e-03
   9.9802673e-03
   9.8768834e-03
   9.6858316e-03
   9.4088077e-03
   9.0482705e-03
   8.6074203e-03
   8.0901699e-03
   7.5011107e-03
   6.8454711e-03
   6.1290705e-03
   5.3582679e-03
   4.5399050e-03
   3.6812455e-03
   2.7899111e-03
   1.8738131e-03
   9.4108313e-04
   5.3896839e-17
  -9.4108313e-04
  -1.8738131e-03
  -2.7899111e-03
  -3.6812455e-03
  -4.5399050e-03
  -5.3582679e-03
  -6.1290705e-03
  -6.8454711e-03
  -7.5011107e-03
  -8.0901699e-03
  -8.6074203e-03
  -9.0482705e-03
  -9.4088077e-03
  -9.6858316e-03
  -9.8768834e-03
  -9.9802673e-03
  -9.9950656e-03
  -9.9211470e-03
  -9.7591676e-03
  -9.5105652e-03
  -9.1775463e-03
  -8.7630668e-03
  -8.2708057e-03
  -7.7051324e-03
  -7.0710678e-03
  -6.3742399e-03
  -5.6208338e-03
  -4.8175367e-03
  -3.9714789e-03
  -3.0901699e-03
  -2.1814324e-03
  -1.2533323e-03
  -3.1410759e-04
   6.2790520e-04
   1.5643447e-03
   2.4868989e-03
   3.3873792e-03
   4.2577929e-03
   5.0904142e-03
   5.8778525e-03
   6.6131187e-03
   7.2896863e-03
   7.9015501e-03
   8.4432793e-03
   8.9100652e-03
   9.2977649e-03
   9.6029369e-03
   9.8228725e-03
   9.9556196e-03
   1.0000000e-02
   9.9556196e-03
   9.8228725e-03
   9.6029369e-03
   9.2977649e-03
   8.9100652e-03
   8.4432793e-03
   7.9015501e-03
   7.2896863e-03
   6.6131187e-03
   5.8778525e-03
   5.0904142e-03
   4.2577929e-03
   3.3873792e-03
   2.4868989e-03
   1.5643447e-03
   6.2790520e-04
  -3.1410759e-04
  -1.2533323e-03
  -2.1814324e-03
  -3.0901699e-03
  -3.9714789e-03
  -4.8175367e-03
  -5.6208338e-03
  -6.3742399e-03
  -7.0710678e-03
  -7.7051324e-03
  -8.2708057e-03
  -8.7630668e-03
  -9.1775463e-03
  -9.5105652e-03
  -9.7591676e-03
  -9.9211470e-03
  -9.9950656e-03
  -9.9802673e-03
  -9.8768834e-03
  -9.6858316e-03
  -9.4088077e-03
  -9.0482705e-03
  -8.6074203e-03
  -8.0901699e-03
  -7.5011107e-03
  -6.8454711e-03
  -6.1290705e-03
  -5.3582679e-03
  -4.5399050e-03
  -3.6812455e-03
  -2.7899111e-03
  -1.8738131e-03
  -9.4108313e-04
  -2.2043642e-17
   9.4108313e-04
   1.8738131e-03
   2.7899111e-03
   3.6812455e-03
   4.5399050e-03
   5.3582679e-03
   6.1290705e-03
   6.8454711e-03
   7.5011107e-03
   8.0901699e-03
   8.6074203e-03
   9.0482705e-03
   9.4088077e-03
   9.6858316e-03
   9.8768834e-03
   9.9802673e-03
   9.9950656e-03
   9.9211470e-03
   9.7591676e-03
   9.5105652e-03
   9.1775463e-03
   8.7630668e-03
   8.2708057e-03
   7.7051324e-03
   7.0710678e-03
   6.3742399e-03
   5.6208338e-03
   4.8175367e-03
   3.9714789e-03
   3.0901699e-03
   2.1814324e-03
   1.2533323e-03
   3.1410759e-04
  -6.2790520e-04
  -1.5643447e-03
  -2.4868989e-03
  -3.3873792e-03
  -4.2577929e-03
  -5.0904142e-03
  -5.8778525e-03
  -6.6131187e-03
  -7.2896863e-03
  -7.9015501e-03
  -8.4432793e-03
  -8.9100652e-03
  -9.2977649e-03
  -9.6029369e-03
  -9.8228725e-03
  -9.9556196e-03
  -1.0000000e-02
  -9.9556196e-03
  -9.8228725e-03
  -9.6029369e-03
  -9.2977649e-03
  -8.9100652e-03
  -8.4432793e-03
  -7.9015501e-03
  -7.2896863e-03
  -6.6131187e-03
  -5.8778525e-03
  -5.0904142e-03
  -4.2577929e-03
  -3.3873792e-03
  -2.4868989e-03
  -1.5643447e-03
  -6.2790520e-04
   3.1410759e-04
   1.2533323e-03
   2.1814324e-03
   3.0901699e-03
   3.9714789e-03
   4.8175367e-03
   5.6208338e-03
   6.3742399e-03
   7.0710678e-03
   7.7051324e-03
   8.2708057e-03
   8.7630668e-03
   9.1775463e-03
   9.5105652e-03
   9.7591676e-03
   9.9211470e-03
   9.9950656e-03
   9.9802673e-03
   9.8768834e-03
   9.6858316e-03
   9.4088077e-03
   9.0482705e-03
   8.6074203e-03
   8.0901699e-03
   7.5011107e-03
   6.8454711e-03
   6.1290705e-03
   5.3582679e-03
   4.5399050e-03
   3.6812455e-03
   2.7899111e-03
   1.8738131e-03
   9.4108313e-04
   1.3229899e-16
  -9.4108313e-04
  -1.8738131e-03
  -2.7899111e-03
  -3.6812455e-03
  -4.5399050e-03
  -5.3582679e-03
  -6.1290705e-03
  -6.8454711e-03
  -7.5011107e-03
  -8.0901699e-03
  -8.6074203e-03
  -9.0482705e-03
  -9.4088077e-03
  -9.6858316e-03
  -9.8768834e-03
  -9.9802673e-03
  -9.9950656e-03
  -9.9211470e-03
  -9.7591676e-03
  -9.5105652e-03
  -9.1775463e-03
  -8.7630668e-03
  -8.2708057e-03
  -7.7051324e-03
  -7.0710678e-03
  -6.3742399e-03
  -5.6208338e-03
  -4.8175367e-03
  -3.9714789e-03
  -3.0901699e-03
  -2.1814324e-03
  -1.2533323e-03
  -3.1410759e-04
   6.2790520e-04
   1.5643447e-03
   2.4868989e-03
   3.3873792e-03
   4.2577929e-03
   5.0904142e-03
   5.8778525e-03
   6.6131187e-03
   7.2896863e-03
   7.9015501e-03
   8.4432793e-03
   8.9100652e-03
   9.2977649e-03
   9.6029369e-03
   9.8228725e-03
   9.9556196e-03
   1.0000000e-02
   9.9556196e-03
   9.8228725e-03
   9.6029369e-03
   9.2977649e-03
   8.9100652e-03
   8.4432793e-03
   7.9015501e-03
   7.2896863e-03
   6.6131187e-03
   5.8778525e-03
   5.0904142e-03
   4.2577929e-03
   3.3873792e-03
   2.4868989e-03
   1.5643447e-03
   6.2790520e-04
  -3.1410759e-04
  -1.2533323e-03
  -2.1814324e-03
  -3.0901699e-03
  -3.9714789e-03
  -4.8175367e-03
  -5.6208338e-03
  -6.3742399e-03
  -7.0710678e-03
  -7.7051324e-03
  -8.2708057e-03
  -8.7630668e-03
  -9.1775463e-03
  -9.5105652e-03
  -9.7591676e-03
  -9.9211470e-03
  -9.9950656e-03
  -9.9802673e-03
  -9.8768834e-03
  -9.6858316e-03
  -9.4088077e-03
  -9.0482705e-03
  -8.6074203e-03
  -8.0901699e-03
  -7.5011107e-03
  -6.8454711e-03
  -6.1290705e-03
  -5.3582679e-03
  -4.5399050e-03
  -3.6812455e-03
  -2.7899111e-03
  -1.8738131e-03
  -9.4108313e-04
  -2.9391523e-17
   9.4108313e-04
   1.8738131e-03
   2.7899111e-03
   3.6812455e-03
   4.5399050e-03
   5.3582679e-03
   6.1290705e-03
   6.8454711e-03
   7.5011107e-03
   8.0901699e-03
   8.6074203e-03
   9.0482705e-03
   9.4088077e-03
   9.6858316e-03
   9.8768834e-03
   9.9802673e-03
   9.9950656e-03
   9.9211470e-03
   9.7591676e-03
   9.5105652e-03
   9.1775463e-03
   8.7630668e-03
   8.2708057e-03
   7.7051324e-03
   7.0710678e-03
   6.3742399e-03
   5.6208338e-03
   4.8175367e-03
   3.9714789e-03
   3.0901699e-03
   2.1814324e-03
   1.2533323e-03
   3.1410759e-04
  -6.2790520e-04
  -1.5643447e-03
  -2.4868989e-03
  -3.3873792e-03
  -4.2577929e-03
  -5.0904142e-03
  -5.8778525e-03
  -6.6131187e-03
  -7.2896863e-03
  -7.9015501e-03
  -8.4432793e-03
  -8.9100652e-03
  -9.2977649e-03
  -9.6029369e-03
  -9.8228725e-03
  -9.9556196e-03
  -1.0000000e-02
  -9.9556196e-03
  -9.8228725e-03
  -9.6029369e-03
  -9.2977649e-03
  -8.9100652e-03
  -8.4432793e-03
  -7.9015501e-03
  -7.2896863e-03
  -6.6131187e-03
  -5.8778525e-03
  -5.0904142e-03
  -4.2577929e-03
  -3.3873792e-03
  -2.4868989e-03
  -1.5643447e-03
  -6.2790520e-04
   3.1410759e-04
   1.2533323e-03
   2.1814324e-03
   3.0901699e-03
   3.9714789e-03
   4.8175367e-03
   5.6208338e-03
   6.3742399e-03
   7.0710678e-03
   7.7051324e-03
   8.2708057e-03
   8.7630668e-03
   9.1775463e-03
   9.5105652e-03
   9.7591676e-03
   9.9211470e-03
   9.9950656e-03
   9.9802673e-03
   9.8768834e-03
   9.6858316e-03
   9.4088077e-03
   9.0482705e-03
   8.6074203e-03
   8.0901699e-03
   7.5011107e-03
   6.8454711e-03
   6.1290705e-03
   5.3582679e-03
   4.5399050e-03
   3.6812455e-03
   2.7899111e-03
   1.8738131e-03
   9.4108313e-04
   6.8592600e-17
  -9.4108313e-04
  -1.8738131e-03
  -2.7899111e-03
  -3.6812455e-03
  -4.5399050e-03
  -5.3582679e-03
  -6.1290705e-03
  -6.8454711e-03
  -7.5011107e-03
  -8.0901699e-03
  -8.6074203e-03
  -9.0482705e-03
  -9.4088077e-03
  -9.6858316e-03
  -9.8768834e-03
  -9.9802673e-03
  -9.9950656e-03
  -9.9211470e-03
  -9.7591676e-03
  -9.5105652e-03
  -9.1775463e-03
  -8.7630668e-03
  -8.2708057e-03
  -7.7051324e-03
  -7.0710678e-03
  -6.3742399e-03
  -5.6208338e-03
  -4.8175367e-03
  -3.9714789e-03
  -3.0901699e-03
  -2.1814324e-03
  -1.2533323e-03
  -3.1410759e-04
   6.2790520e-04
   1.5643447e-03
   2.4868989e-03
   3.3873792e-03
   4.2577929e-03
   5.0904142e-03
   5.8778525e-03
   6.6131187e-03
   7.2896863e-03
   7.9015501e-03
   8.4432793e-03
   8.9100652e-03
   9.2977649e-03
   9.6029369e-03
   9.8228725e-03
   9.9556196e-03
   1.0000000e-02
   9.9556196e-03
   9.8228725e-03
   9.6029369e-03
   9.2977649e-03
   8.9100652e-03
   8.4432793e-03
   7.9015501e-03
   7.2896863e-03
   6.6131187e-03
   5.8778525e-03
   5.0904142e-03
   4.2577929e-03
   3.3873792e-03
   2.4868989e-03
   1.5643447e-03
   6.2790520e-04
  -3.1410759e-04
  -1.2533323e-03
  -2.1814324e-03
  -3.0901699e-03
  -3.9714789e-03
  -4.8175367e-03
  -5.6208338e-03
  -6.3742399e-03
  -7.0710678e-03
  -7.7051324e-03
  -8.2708057e-03
  -8.7630668e-03
  -9.1775463e-03
  -9.5105652e-03
  -9.7591676e-03
  -9.9211470e-03
  -9.9950656e-03
  -9.9802673e-03
  -9.8768834e-03
  -9.6858316e-03
  -9.4088077e-03
  -9.0482705e-03
  -8.6074203e-03
  -8.0901699e-03
  -7.5011107e-03
  -6.8454711e-03
  -6.1290705e-03
  -5.3582679e-03
  -4.5399050e-03
  -3.6812455e-03
  -2.7899111e-03
  -1.8738131e-03
  -9.4108313e-04
