  2.9087862e-001
  5.1755972e-003
  2.8540315e-002
 -3.5533469e-002
 -5.7413260e-004
  1.6961102e-002
  1.1135065e-002
  8.8576958e-004
 -6.1148863e-003
  5.1407844e-002
 -2.5459483e-001
  1.5164978e-002
  6.8413997e-003
  7.1591271e-003
  6.8468574e-002
 -1.1409009e-002
  1.3880197e-002
 -1.7670871e-003
  6.4215389e-003
  1.4900088e-002
 -1.0916741e-002
 -5.3135004e-003
  4.4004843e-016
  8.9040994e-003
 -7.5383667e-002
 -1.6572368e-001
 -1.5284567e-002
  4.5066399e-002
  1.2005567e-002
  2.0370364e-002
 -9.3614904e-002
 -1.2830143e-015
 -2.6945894e-003
 -1.6777231e-002
 -4.4984731e-003
 -1.6449878e-003
 -1.9403988e-002
  2.1089361e-003
  1.3216729e-002
  2.9221390e-004
 -2.0901135e-002
 -4.1623974e-002
 -1.7640042e-016
 -1.1287394e-001
  3.6262632e-002
 -2.4683819e-003
 -5.3151447e-002
  5.6965066e-002
  3.4065874e-003
  3.4877407e-002
  2.0848876e-002
  5.8684219e-002
  2.8913393e-003
  2.3770436e-001
  1.5957786e-001
 -5.6383510e-003
  5.6934112e-002
  3.5924380e-003
 -2.2361177e-003
 -2.4237345e-001
 -3.6333543e-002
 -4.4682181e-002
 -6.4798331e-003
  3.1395131e-003
