 -3.3834068e-004
 -1.4894342e-003
 -1.2738118e-002
 -1.4720000e-004
 -2.4178808e-003
  9.3667266e-003
  1.0306808e-004
  3.3449301e-003
  2.3258618e-003
  1.0812493e-002
  5.6253490e-003
  6.5210086e-003
 -2.5930707e-003
 -2.8536999e-003
 -8.0831172e-005
  1.8614747e-003
 -3.0776917e-003
 -8.3986446e-003
  9.0270645e-004
  5.1413718e-004
 -1.0593112e-002
  7.5361128e-004
  5.0017958e-003
 -5.3672173e-003
  5.1572836e-003
 -3.2196244e-003
 -7.3017203e-003
  1.2872302e-002
  3.3018574e-003
  4.1806231e-003
 -5.9041081e-003
 -3.2341991e-004
  7.0033459e-003
 -4.3170103e-003
  4.2010243e-003
 -1.6153056e-003
 -1.6888918e-002
  4.4574425e-003
 -2.7479865e-002
 -4.3109425e-003
 -5.4706386e-003
 -2.1291973e-002
  3.0313628e-004
  2.5400646e-003
 -6.2954688e-003
  2.2409199e-003
  4.2982761e-004
 -3.5360376e-003
  2.7765986e-003
  1.2245728e-002
 -7.6437125e-004
  9.5301654e-003
  2.4629238e-003
  1.3752149e-002
 -2.0078377e-004
  9.6799442e-003
  2.0058077e-002
  3.6761155e-003
  3.5613923e-003
 -4.5288820e-004
 -8.8058559e-003
  1.4705412e-002
 -1.1758343e-003
 -2.8297742e-003
